Experiment Results
3.61161899567
0.338464975357
0.236966133118
0.242640972137
0.256255865097
0.235980987549
0.236335039139
0.241806030273
0.23614192009
0.244117021561
0.236653089523
0.279405117035
0.282152175903
0.249095916748
0.236312866211
0.241585016251
0.238228082657
0.240384101868
0.292048931122
0.237864017487
0.249228000641
0.236459970474
0.236529827118
0.244913101196
0.24161696434
0.290683031082
0.26881980896
0.236773014069
0.242630958557
0.251272916794
0.279915094376
0.263096809387
0.237163066864
0.324177980423
0.285742998123
0.292655944824
0.25378203392
0.238182067871
0.269113063812
0.237189054489
0.242312908173
0.282852172852
0.261340141296
0.254775047302
0.240995168686
0.245729923248
0.254425048828
0.282054901123
0.23687005043
0.250059127808
0.240671873093
0.243102073669
0.24120593071
0.248368024826
0.250905990601
0.240937232971
0.238595962524
0.238173961639
0.253024101257
0.240000009537
0.240803003311
0.270081043243
0.29282617569
0.27511882782
0.291079044342
0.23792719841
0.238306045532
0.23786687851
0.247255802155
0.245934963226
0.240700960159
0.280434131622
0.239681005478
0.282548189163
0.249781131744
0.257381916046
0.281378984451
0.271725177765
0.3010160923
0.272792100906
0.268219947815
0.246589183807
0.238934993744
0.273809909821
0.262589931488
0.240037918091
0.252835035324
0.264505147934
0.240458011627
0.276607990265
0.29335808754
0.279168128967
0.23916721344
0.275724887848
0.241269111633
0.238121986389
0.315351009369
0.273082017899
0.246353149414
0.243158102036
0.239310979843
0.270586013794
0.240768909454
0.243916034698
0.239860057831
0.251425981522
0.242811918259
0.278856039047
0.283395051956
0.284998893738
0.241870164871
0.267774820328
0.249305009842
0.242093086243
0.246522903442
0.263870000839
0.303723096848
0.241126060486
0.283223152161
0.240254878998
0.256399869919
0.248160123825
0.239897012711
0.236866950989
0.296447038651
0.23650598526
0.28919506073
0.237788915634
0.236853122711
0.28196310997
0.241333961487
0.237821102142
0.292460918427
0.2788169384
0.303391933441
0.283275127411
0.321510076523
0.245810985565
0.240756034851
0.282100915909
0.31670999527
0.259615898132
0.27986907959
0.279708862305
0.267868041992
0.252447128296
0.279018163681
0.282467126846
0.275588035583
0.331559896469
0.240875005722
0.23791718483
0.245545864105
0.277050018311
0.242583036423
0.248013973236
0.283798933029
0.257483005524
0.23998093605
0.239615917206
0.284585952759
0.255682945251
0.292592048645
0.236873865128
0.249944925308
0.236567974091
0.289700031281
0.245291948318
0.2380900383
0.241563796997
0.289553880692
0.252577781677
0.309559106827
0.24263215065
0.316296100616
0.240129947662
0.287782907486
0.273969888687
0.237383127213
0.236344099045
0.267272949219
0.300390005112
0.23988199234
0.236650943756
0.258098125458
0.246273994446
0.242769956589
0.244575023651
0.310281038284
0.292445898056
0.291289806366
0.262428998947
0.24058008194
0.279266119003
0.242336034775
0.242032051086
0.251127958298
0.273701190948
0.266342163086
0.264454126358
0.348737001419
0.236471891403
0.276556015015
0.276836156845
0.234797000885
0.236398935318
0.243514060974
0.264081001282
0.241372823715
0.272751092911
0.234170913696
0.253148078918
0.281279802322
0.292921066284
0.256846904755
0.296574831009
0.292176961899
0.270629882812
0.24170589447
0.247024059296
0.246630907059
0.285619974136
0.290554046631
0.242647171021
0.245938777924
0.236883878708
0.248765945435
0.235826969147
0.268653154373
0.238596916199
0.289110898972
0.290443181992
0.238759994507
0.256820201874
0.238430976868
0.274243116379
0.241372108459
0.252237796783
0.270260810852
0.243097066879
0.245226144791
0.244954109192
0.241244792938
0.242338895798
0.269459009171
0.270122051239
0.257556915283
0.288420200348
0.239162921906
0.272118806839
0.237280130386
0.275625944138
0.239161968231
0.267936944962
0.237067937851
0.245038986206
0.246679782867
0.27147603035
0.281363964081
0.247801065445
0.236852884293
0.238222122192
0.25679898262
0.237900972366
0.239410161972
0.266128063202
0.244524002075
0.337383031845
0.242742061615
0.237181901932
0.241040229797
0.263616085052
0.286708116531
0.243843078613
0.23827290535
0.241422891617
0.243864059448
0.239547967911
0.243332862854
0.243963956833
0.239395141602
0.267602205276
0.238044977188
0.236865997314
0.242446184158
0.242594003677
0.246617078781
0.239473104477
0.27335691452
0.248283147812
0.272351980209
0.252557992935
0.242597103119
0.24175786972
0.249644994736
0.236399888992
0.273164987564
0.259868144989
0.251587152481
0.238419055939
0.287498950958
0.283159017563
0.258301973343
0.237159967422
0.263190984726
0.238296031952
0.236979007721
0.24072098732
0.284342050552
0.320215940475
0.236588001251
0.345136880875
0.330886125565
0.241908073425
0.26788187027
0.240472078323
0.286096811295
0.237560987473
0.267678022385
0.32982301712
0.270634889603
0.298985958099
0.25013589859
0.247825145721
0.272644996643
0.240056037903
0.240448951721
0.243328094482
0.26736998558
0.244537830353
0.272754907608
0.253751993179
0.274668931961
0.237483978271
0.263272047043
0.259186983109
0.302176952362
0.246621847153
0.272358894348
0.251273155212
0.245203971863
0.259356021881
0.238585948944
0.268731117249
0.239984035492
0.258020877838
0.240683078766
0.254997014999
0.27859711647
0.245394945145
0.256191015244
0.271578073502
0.24821305275
0.237359046936
0.262417078018
0.252429962158
0.239316940308
0.245725870132
0.246273994446
0.258183002472
0.281822919846
0.237658977509
0.238524198532
0.26646900177
0.238213062286
0.272624969482
0.23757314682
0.24915599823
0.237164020538
0.246011018753
0.24521279335
0.293220043182
0.247104883194
0.281400203705
0.282613992691
0.24613904953
0.281162023544
0.280967950821
0.244313001633
0.244235992432
0.238975048065
0.285341978073
0.26336812973
0.278654098511
0.270898103714
0.274321079254
0.245183944702
0.238966941833
0.243650913239
0.255681037903
0.239614963531
0.31908082962
0.276371002197
0.255790948868
0.247930049896
0.243674993515
0.294043064117
0.25807595253
0.24245095253
0.248039007187
0.24470615387
0.240267038345
0.316617965698
0.283033847809
0.274191141129
0.240452051163
0.277642965317
0.242028951645
0.238050937653
0.267022132874
0.298413991928
0.295117139816
0.241132974625
0.270160913467
0.250183105469
0.244457006454
0.264863014221
0.243364095688
0.244405031204
0.241443872452
0.279423952103
0.23930311203
0.244709014893
0.290466070175
0.240468025208
0.253887891769
0.239720106125
0.277652978897
0.248461961746
0.250606060028
0.240644931793
0.264178037643
0.253682851791
0.241416931152
0.245856046677
0.26070690155
0.310286045074
0.278357982635
0.243968963623
0.240979909897
0.243494033813
0.24228978157
0.254279136658
0.303449869156
0.247220993042
0.241712093353
0.275129079819
0.254770994186
0.243839025497
0.245516061783
0.242934942245
0.264303922653
0.284585952759
0.249341964722
0.308705806732
0.278516054153
0.242293119431
0.261486053467
0.240437030792
0.261018037796
0.243474960327
0.24263215065
0.239948034286
0.270220994949
0.299884080887
0.25608587265
0.254909038544
0.242152929306
0.259359836578
0.327903032303
0.275060892105
0.261817932129
0.243350982666
0.25571513176
0.255222082138
0.256108045578
0.280670166016
0.239965200424
0.244950056076
0.282563924789
0.238764047623
0.239525079727
0.262568950653
0.267324924469
0.244896173477
0.24386715889
0.239186048508
0.268593072891
0.284477949142
0.240961074829
0.279273033142
0.24187707901
0.260652065277
0.247783899307
0.257256984711
0.241755962372
0.286494016647
0.280742883682
0.284546136856
0.245736122131
0.239951848984
0.246561050415
0.240334033966
0.242306232452
0.256461858749
0.240766048431
0.240424156189
0.249125957489
0.240498781204
0.239749908447
0.250200986862
0.241216897964
0.239166975021
0.241052865982
0.265902996063
0.279413938522
0.278245925903
0.274158000946
0.241153001785
0.275406837463
0.249480009079
0.279429912567
0.260354995728
0.248929977417
0.284908056259
0.257133960724
0.281039953232
0.262396812439
0.276064872742
0.242513895035
0.24156498909
0.243493080139
0.239357948303
0.269598007202
0.261103153229
0.300169944763
0.284464120865
0.242890119553
0.240923166275
0.239215135574
0.24240899086
0.247068166733
0.276937961578
0.246602058411
0.270358085632
0.245474815369
0.239464044571
0.245949029922
0.28710603714
0.243135213852
0.2416908741
0.242010116577
0.26839184761
0.2798640728
0.270043849945
0.236936092377
0.246417999268
0.236473083496
0.250664949417
0.237102031708
0.237640142441
0.238077878952
0.237020015717
0.24019908905
0.237050056458
0.238604068756
0.237351179123
0.236908912659
0.238033056259
0.243471860886
0.235990047455
0.253617048264
0.237697124481
0.283499002457
0.246950864792
0.273402929306
0.269671916962
0.239581108093
0.282577991486
0.28059887886
0.288073062897
0.236047029495
0.239435911179
0.248566865921
0.26686000824
0.316834926605
0.237454891205
0.238984107971
0.24174118042
0.26259303093
0.238760948181
0.247713088989
0.244259119034
0.241955041885
0.242676019669
0.279499053955
0.294708013535
0.241895914078
0.24863910675
0.273721933365
