Experiment Results
87.5923559666
71.3952009678
65.3299031258
53.3098509312
50.4669299126
48.2694811821
48.0399198532
37.6538259983
37.1653749943
36.4691338539
36.5903220177
34.6443090439
34.2809350491
33.6781790257
33.650646925
31.800303936
31.6615350246
31.2831790447
30.8460519314
30.9771728516
30.1113350391
30.1163840294
29.8917238712
29.5554039478
29.2337589264
28.4413321018
28.7380139828
27.4068078995
26.7079861164
26.1260418892
26.1003541946
24.7764291763
24.8288919926
24.2659909725
23.8480060101
23.1982898712
21.837998867
21.3901381493
21.3823051453
20.9837157726
21.1758890152
19.9848730564
19.6731181145
18.7942149639
18.6534378529
18.3891630173
18.0977618694
17.9723789692
17.7911360264
17.6597688198
17.5906338692
17.3995509148
16.7623851299
16.8055300713
16.3626570702
16.2924230099
15.9047110081
15.6048829556
15.5617408752
15.3738279343
15.0659439564
14.7466609478
15.0327110291
14.1779129505
14.4324400425
14.0450320244
13.8829920292
14.0248570442
13.8453948498
13.4849879742
13.6726000309
13.5375869274
13.4770851135
13.2591969967
13.178483963
13.3441998959
12.8804500103
13.2545199394
12.9126300812
12.9870688915
12.940819025
13.1728868484
12.7272109985
12.5911288261
12.3610188961
12.7129127979
12.3629899025
12.2643461227
12.1829240322
11.9666731358
11.9162321091
12.2590811253
11.7401411533
11.9731371403
11.3081691265
11.791476965
11.3650290966
11.4911189079
11.5155720711
11.1532790661
83.955728054
71.4916410446
65.323376894
53.1398351192
50.3892819881
48.2461569309
48.2375850677
37.5790960789
37.0721549988
36.6751298904
36.4151489735
34.7227740288
34.2783567905
33.6508910656
33.3812689781
31.8731160164
31.9022390842
31.2406299114
30.9786190987
30.7680389881
30.0164670944
30.1711890697
30.0608890057
29.4190478325
29.2232980728
28.5479669571
28.5787980556
27.6873941422
26.6502239704
25.9999201298
25.9892179966
24.9963839054
24.8640141487
24.0112919807
23.9282269478
23.2134020329
21.9317340851
21.3921368122
21.5936069489
20.896324873
20.9892680645
20.0611879826
19.6907010078
18.7875828743
18.5797710419
18.4588367939
18.3137350082
17.9751708508
17.610063076
17.8492391109
17.4878780842
17.2423489094
16.8527610302
16.5610768795
16.6535000801
16.3310201168
15.7654368877
15.6986310482
15.5671870708
15.1169271469
15.2467560768
14.937461853
14.6764090061
14.2553350925
14.3854830265
14.0952441692
14.0914461613
13.8587520123
13.8877580166
13.6910350323
13.4511229992
13.5237340927
13.6785509586
13.2252299786
13.2986459732
13.2592060566
13.1509370804
12.8122169971
13.0927858353
12.9626398087
13.0155920982
12.9678988457
12.743983984
12.5123939514
12.6122779846
12.9243810177
12.1466760635
12.269285202
12.1026039124
12.1105949879
11.8533039093
12.0243928432
12.0709979534
11.5577559471
11.831140995
11.6927638054
11.3786950111
11.4300088882
11.2964458466
11.593296051
83.6596958637
71.4957230091
65.3175580502
52.9870798588
50.4411139488
48.3650860786
48.2363071442
37.5289459229
37.1296350956
36.6388890743
36.2732830048
34.8108820915
34.3170239925
33.6443171501
33.3872089386
31.9588198662
31.6787729263
31.5282578468
30.8953828812
30.6863510609
30.1021289825
30.2750210762
29.9817118645
29.333548069
29.3317060471
28.5925300121
28.5465891361
27.5447750092
26.5226380825
26.2542290688
25.8603420258
24.7935991287
25.0877449512
24.1945240498
23.9814269543
23.0390489101
21.7686350346
21.3978829384
21.4756550789
21.1751730442
21.1207849979
20.0644891262
19.4598519802
18.9076430798
18.3629629612
18.6970529556
18.150331974
17.9382271767
17.6637208462
17.7734460831
17.6027328968
17.2574291229
16.7022259235
16.9007880688
16.3303849697
16.3045091629
16.0250439644
15.6326181889
15.5031208992
15.2360098362
15.0885419846
14.7782940865
14.8681511879
14.2690269947
14.4346129894
14.1865520477
13.8749158382
13.8453910351
13.7376661301
13.6777470112
13.8375968933
13.3331120014
13.4847230911
13.4252521992
13.2299621105
13.2140331268
12.9906392097
13.1539890766
13.0179679394
13.1043050289
12.8091599941
13.0242960453
12.6924180984
12.5797917843
12.6173670292
12.7619438171
12.4143030643
12.1685070992
11.9950349331
12.2246968746
11.8548710346
12.12520504
11.7496981621
11.7825911045
11.7438519001
11.541588068
11.6003739834
11.3708510399
11.4644608498
11.2064809799
83.7824361324
71.4069571495
65.4540019035
52.971654892
50.63478899
48.1983969212
48.0314390659
37.7674372196
36.9805860519
36.6677958965
36.5631771088
34.55677104
34.2024459839
33.8555629253
33.4911100864
31.7641718388
31.6703181267
31.4737701416
30.9010169506
30.9347398281
29.9992101192
30.0731649399
29.9819378853
29.4746160507
29.1501040459
28.7637929916
28.6268978119
27.4479880333
26.4792060852
26.2489960194
26.1355428696
24.6562759876
25.1036949158
23.9398231506
24.2279000282
22.8984999657
21.9291298389
21.3852310181
21.5009570122
20.9660658836
20.9953689575
20.2840499878
19.4923789501
18.7649970055
18.5834519863
18.5700721741
18.2103998661
17.8529250622
17.8002920151
17.6832611561
17.5779299736
17.2703959942
16.7870428562
16.6181380749
16.4995560646
16.2591719627
16.1811690331
15.3594470024
15.7681350708
15.0468130112
15.2662539482
14.7597060204
14.8032948971
14.4643771648
14.4892179966
13.9837169647
13.9613778591
13.825906992
13.8190779686
13.678812027
13.6283421516
13.5242211819
13.3727810383
13.470646143
13.1639590263
13.2566828728
13.0474669933
13.0430140495
12.9080269337
13.1446430683
12.8599231243
12.7870419025
12.9033620358
12.7758610249
12.576859951
12.6489710808
12.1704759598
12.3732030392
12.0494141579
12.1146430969
12.0184900761
11.9423680305
11.9939198494
11.8278410435
11.6051590443
11.6330411434
11.4055850506
11.4997341633
11.1564679146
11.3978428841
83.824174881
71.5688390732
65.3200829029
53.1634879112
50.3441560268
48.2810919285
48.0284018517
37.7883150578
36.980743885
36.6853680611
36.4339821339
34.6017200947
34.3811302185
33.6939251423
33.620661974
31.7903909683
31.5627691746
31.5785031319
30.910930872
30.7495589256
29.9634928703
30.0795259476
30.0936000347
29.4795129299
29.1565210819
28.7858550549
28.46428895
27.6666789055
26.4147000313
26.1902308464
26.0191938877
24.9505138397
24.880589962
23.9869761467
24.0064589977
23.2407770157
21.7932610512
21.6031060219
21.2586820126
21.078166008
21.0629010201
20.1248629093
19.5546939373
18.864648819
18.4142811298
18.5943088531
18.2693600655
17.8666400909
17.6810400486
17.7231271267
17.6896059513
17.2401921749
16.7789201736
16.806566
16.2810561657
16.3938779831
15.9387640953
15.6072340012
15.4766910076
15.2145631313
15.1880049706
14.8651099205
14.7677309513
14.3553171158
14.4299330711
14.1260359287
13.8430459499
13.9692661762
13.8095109463
13.6875531673
13.5186650753
13.6702060699
13.4680659771
13.1678061485
13.297577858
13.2631049156
12.9552969933
13.2101840973
12.9932620525
13.0691990852
12.933576107
12.6971950531
12.8264141083
12.7488210201
12.4883778095
12.8753349781
12.0598759651
12.3959970474
12.179224968
12.0031139851
12.0255208015
11.9146149158
11.9683418274
11.8899450302
11.4433720112
11.5895550251
11.5944569111
11.2796940804
11.6002371311
11.2787051201
83.8089990616
71.4222099781
65.4377810955
53.0267748833
50.4803490639
48.3621110916
47.9613111019
37.7573051453
37.0830309391
36.6486918926
36.3791148663
34.7731678486
34.170265913
33.7076659203
33.4369881153
31.9406809807
31.6348400116
31.4425959587
30.9712460041
30.7860407829
29.944879055
30.3652150631
29.8629481792
29.454324007
29.2182710171
28.496639967
28.5457949638
27.6852869987
26.6334779263
26.3322739601
25.9149010181
24.7491779327
24.9515120983
24.1087260246
23.9860360622
23.2707979679
21.6995899677
21.4815859795
21.5377221107
21.0957839489
20.9862120152
20.0999200344
19.4627370834
18.7702460289
18.5146350861
18.5578799248
18.2977230549
17.936109066
17.5886678696
17.7419469357
17.7232401371
17.2952051163
16.6720640659
16.6679148674
16.6953001022
16.1537008286
15.9257969856
15.7895450592
15.373226881
15.269162178
15.2324209213
14.8285951614
14.7299921513
14.3671381474
14.3652911186
14.0835280418
13.9356369972
13.8104088306
13.7092869282
13.8122191429
13.5263562202
13.5919849873
13.5840368271
13.2674369812
13.1481869221
13.3154089451
13.000690937
12.9604859352
13.2926859856
12.7999520302
13.078950882
12.9038949013
12.7026469707
12.6549401283
12.6445229053
12.5035238266
12.2558660507
12.3222281933
12.3073120117
12.0485451221
11.9127759933
11.9701058865
11.8843560219
11.7816998959
11.7025849819
11.5083701611
11.6194369793
11.2740988731
11.4357099533
11.3906672001
