Experiment Results
3.20533800125
0.300817966461
0.252268075943
0.302324056625
0.305567026138
0.255113840103
0.25856089592
0.25942492485
0.355799913406
0.307934045792
0.30238699913
0.28463602066
0.295754909515
0.349328041077
0.294821977615
0.266699075699
0.371414899826
0.314664840698
0.324575185776
0.335947036743
0.322840929031
0.339560031891
0.324958086014
0.348724842072
0.326143026352
0.367339134216
0.340553045273
0.292540788651
0.285671949387
0.312451124191
0.270604848862
0.279355049133
0.320787191391
0.317273139954
0.283102989197
0.319162845612
0.349065065384
0.367947816849
0.401883125305
0.32114982605
0.308459997177
0.331256151199
0.321771144867
0.369053125381
0.329944133759
0.330904960632
0.268293857574
0.268986940384
0.372803926468
0.292552947998
0.343114852905
0.293160915375
0.270840883255
0.318222045898
0.327142953873
0.375293970108
0.278468132019
0.343421936035
0.27731013298
0.330821037292
0.272351980209
0.295608043671
0.30251121521
0.285186052322
0.384519100189
0.321553945541
0.317843914032
0.371541023254
0.311652898788
0.375954151154
0.328951835632
0.373380899429
0.334626913071
0.287141084671
0.419534921646
0.323106050491
0.324778795242
0.331435918808
0.369978904724
0.398369073868
0.350447893143
0.332554101944
0.350553035736
0.361709117889
0.38067317009
0.347075939178
0.273421049118
0.381174087524
0.385960102081
0.336585044861
0.346177101135
0.334516048431
0.3914539814
0.378311872482
0.314400196075
0.322968006134
0.382292985916
0.333785057068
0.369251012802
0.325555086136
0.28795003891
0.342365980148
0.326224088669
0.389510154724
0.361692905426
0.32710313797
0.348363876343
0.299803972244
0.331620931625
0.368499994278
0.310997009277
0.313530921936
0.355199098587
0.38904094696
0.279139995575
0.357161998749
0.273458003998
0.308116912842
0.297936916351
0.267879009247
0.314960002899
0.267287015915
0.264541149139
0.281053066254
0.290946006775
0.258414030075
0.260535001755
0.274883985519
0.261385917664
0.257165908813
0.275320053101
0.308094978333
0.317296028137
0.261235952377
0.257116794586
0.257918834686
0.292262077332
0.273586988449
0.379237890244
0.265358924866
0.285192012787
0.271991968155
0.29854798317
0.280560970306
0.289570093155
0.552237033844
0.27520108223
0.283004045486
0.305520057678
0.290712118149
0.329226970673
0.287070989609
0.283033132553
0.324724197388
0.269469976425
0.273121833801
0.26199388504
0.266492128372
0.261655092239
0.310217142105
0.304563999176
0.334648132324
0.266939878464
0.314872980118
0.274287939072
0.357099056244
0.282716035843
0.326189041138
0.390304088593
0.367483139038
0.37436914444
0.334378957748
0.3364610672
0.363882064819
0.324409008026
0.370512962341
0.265805006027
0.28000998497
0.322037935257
0.363767147064
0.365545034409
0.297043085098
0.364790916443
0.283950805664
0.261587142944
0.262912034988
0.26481294632
0.265020132065
0.285727977753
0.377161979675
0.292240142822
0.311825990677
0.285218954086
0.326662063599
0.322741031647
0.276482820511
0.321495056152
0.27267408371
0.329466104507
0.360420227051
0.322620153427
0.325711965561
0.267925024033
0.268686056137
0.316514015198
0.263383150101
0.260751008987
0.268761873245
0.267977952957
0.264513015747
0.258063077927
0.262256860733
0.263412237167
0.267246007919
0.308558940887
0.268484115601
0.267236948013
0.318246126175
0.294274091721
0.312242984772
0.358417034149
0.266415834427
0.260349988937
0.260316848755
0.259238958359
0.296298980713
0.293964147568
0.281768798828
0.264622926712
0.259987831116
0.267028093338
0.270051956177
0.292732954025
0.288275003433
0.283924102783
0.329068899155
0.272133827209
0.298650979996
0.316338062286
0.263884067535
0.303684949875
0.258857011795
0.275820016861
0.31377696991
0.271707057953
0.291797876358
0.299487829208
0.269925832748
0.308845043182
0.269932985306
0.269261837006
0.26470208168
0.274128913879
0.370133161545
0.269654035568
0.274416208267
0.276608943939
0.310048103333
0.327435016632
0.324918031693
0.363439083099
0.295496940613
0.267022132874
0.349819898605
0.281065940857
0.278539896011
0.276950120926
0.261989116669
0.291610002518
0.339251995087
0.327431917191
0.292207956314
0.268875837326
0.282922029495
0.336007118225
0.366240024567
0.264559030533
0.261786937714
0.292961120605
0.272681951523
0.261440038681
0.318689107895
0.269546985626
0.314087867737
0.259876012802
0.313127040863
0.271323919296
0.297059059143
0.257722854614
0.260416030884
0.257394075394
0.256874084473
0.259457826614
0.315490961075
0.287129878998
0.337188959122
0.281420946121
0.261904001236
0.262588977814
0.258213996887
0.25942492485
0.260174036026
0.266406059265
0.294611930847
0.257570028305
0.335348844528
0.260577917099
0.257888793945
0.255533218384
0.314112186432
0.3171210289
0.296064138412
0.278379917145
0.359003067017
0.318758010864
0.314864873886
0.32843208313
0.337068080902
0.264734983444
0.28884601593
0.287935018539
0.274527072906
0.322402000427
0.267291069031
0.3061170578
0.278030157089
0.32217001915
0.263724803925
0.265856027603
0.259030103683
0.262046813965
0.268838167191
0.298756122589
0.28063082695
0.315654993057
0.266914844513
0.262886047363
0.263195037842
0.263911962509
0.261057138443
0.266061067581
0.293920040131
0.314925909042
0.326500892639
0.3221180439
0.27388882637
0.341500043869
0.272464990616
0.284021139145
0.31879401207
0.358792066574
0.303025007248
0.265346050262
0.316559076309
0.316534042358
0.296983003616
0.344139099121
0.325886011124
0.287583112717
0.261472940445
0.307083129883
0.26238489151
0.288271903992
0.315039873123
0.265599012375
0.264739990234
0.260540962219
0.299259901047
0.297099113464
0.358716011047
0.297924041748
0.267020940781
0.269008159637
0.264318943024
0.25940990448
0.267898082733
0.266957998276
0.305171012878
0.376991033554
0.263851881027
0.262042999268
0.298446893692
0.283977985382
0.263524055481
0.260436058044
0.329652070999
0.280874967575
0.258857011795
0.260506868362
0.258441925049
0.306545972824
0.272372961044
0.293727874756
0.262446880341
0.264975786209
0.321281194687
0.263605117798
0.295320034027
0.346334934235
0.2663230896
0.280507087708
0.277419090271
0.263683795929
0.264157056808
0.296387195587
0.272383213043
0.287466049194
0.266518831253
0.338109970093
0.279145956039
0.316381931305
0.373112916946
0.317605018616
0.257755994797
0.260456800461
0.265501976013
0.270983934402
0.258431911469
0.259294033051
0.286109924316
0.258652925491
0.2975461483
0.313678979874
0.303086996078
0.246541023254
0.27302312851
0.252562999725
0.284237861633
0.249113798141
0.250029802322
0.247354030609
0.248819112778
0.24783706665
0.250029802322
0.285341024399
0.295935153961
0.275583028793
0.254941940308
0.252845048904
0.332554101944
0.302797079086
0.259455919266
0.294282913208
0.302098035812
0.302708148956
0.305770158768
0.327095031738
0.261489868164
0.282740116119
0.283375024796
0.2544298172
0.257957935333
0.303555011749
0.264821052551
0.255348920822
0.251752853394
0.25093793869
0.326865911484
0.256190061569
0.293554067612
0.253452062607
0.254944086075
0.253961086273
0.259027004242
0.283214092255
0.305857896805
0.257786989212
0.258413076401
0.352483987808
0.311465978622
0.310216188431
0.310606002808
0.311050891876
0.338950157166
0.327270030975
0.316740989685
0.310826063156
0.267539978027
0.256990909576
0.257277011871
0.268126010895
0.293684959412
0.326056957245
0.281802892685
0.304954051971
0.314285039902
0.312949895859
0.262350082397
0.263687849045
0.263589143753
0.27542090416
0.30823802948
0.278596162796
0.31001496315
0.322208881378
0.313824176788
0.315657138824
0.315197944641
0.275940179825
0.331080913544
0.299664974213
0.278661966324
0.292470932007
0.266230821609
0.260031938553
0.278842926025
0.29564499855
0.250808000565
0.307415008545
0.301859855652
0.29020190239
0.355980157852
0.279173135757
0.295196056366
0.339154958725
0.26633310318
0.323831796646
0.322299957275
0.254137992859
0.254104852676
0.252870082855
0.255769968033
0.256052017212
0.284188985825
0.275563001633
0.282721042633
0.272550821304
0.357264995575
0.32465004921
0.357530117035
0.273625135422
0.304959058762
0.335478067398
0.33482003212
0.308745145798
0.348839998245
0.37331700325
0.320710897446
0.3521900177
0.335703849792
0.269940853119
0.441231012344
0.323312997818
0.327615022659
0.343429088593
0.353352069855
0.374919891357
0.315465927124
0.29527592659
0.387239933014
0.384151935577
0.313192129135
0.324424028397
0.358245134354
0.323571920395
0.320425033569
0.326164960861
0.320508003235
0.309108018875
0.255162000656
0.272386074066
0.30436205864
0.267422914505
0.271408081055
0.366349935532
0.263889074326
0.305521011353
0.30336689949
0.27293920517
0.269506931305
0.332635879517
0.334390163422
0.262794971466
0.382858991623
0.269307851791
0.251775026321
0.256417036057
0.259146928787
0.253711938858
0.281494140625
0.278989076614
0.244291067123
0.293217897415
0.266298055649
0.31373000145
0.310128211975
0.244686126709
0.244034051895
0.289515972137
0.26564002037
0.246984004974
0.267548084259
0.285681009293
0.286113023758
0.303344964981
0.247829198837
0.334851026535
0.254457950592
0.291361093521
0.29220700264
