Experiment Results
87.5757551193
71.4400339127
65.296957016
53.0606360435
50.3673899174
48.2443611622
48.3534908295
37.4890348911
37.0793218613
36.6867060661
36.4034278393
34.7052609921
34.2773358822
33.7652049065
33.4807910919
31.7495269775
31.7508130074
31.6056098938
30.8862829208
30.6892671585
30.057737112
30.173789978
30.0428349972
29.3234591484
29.3836569786
28.4287359715
28.5183579922
27.6354939938
26.6007151604
26.1792860031
25.9836099148
24.7594048977
25.0902950764
24.0776998997
24.044367075
22.9883229733
21.8629009724
21.5316450596
21.3488998413
21.0921008587
21.1808159351
20.0736920834
19.4955618382
18.8255419731
18.4868819714
18.4646658897
18.2201058865
17.9544999599
17.6968178749
17.871899128
17.611082077
17.284496069
16.6610848904
16.7276659012
16.4812009335
16.258523941
16.0687320232
15.4240500927
15.7697589397
15.0846807957
15.2593641281
14.818434
14.7871849537
14.2016780376
14.548304081
14.0418758392
14.0219380856
13.7194027901
13.9707889557
13.6113500595
13.444314003
13.5513269901
13.5453989506
13.3774409294
13.1608738899
13.1934199333
13.0953090191
13.075165987
13.0807909966
13.0187299252
13.0101149082
12.8959140778
12.8472509384
12.4888298512
12.6420359612
12.6355719566
12.2776451111
12.4049072266
11.9737801552
12.0976779461
12.0894351006
12.0517640114
11.7582578659
11.7086820602
11.783178091
11.5227389336
11.4405369759
11.4037230015
11.5774888992
11.2281169891
83.8969891071
71.4118449688
65.3221478462
53.0447659492
50.4107949734
48.3934791088
48.1662061214
37.5468740463
37.0981180668
36.7261610031
36.3385219574
34.7452771664
34.2795410156
33.6865899563
33.3771319389
31.8539469242
31.6889610291
31.4884610176
31.0461599827
30.6956181526
30.1281609535
30.0206680298
30.032834053
29.2928268909
29.2651121616
28.657335043
28.7237420082
27.5771369934
26.4489920139
26.0619821548
25.9951300621
24.9267590046
24.9358317852
24.1506202221
24.0081830025
23.1214001179
21.7232649326
21.6441071033
21.3404290676
20.9921770096
21.0366129875
20.1441760063
19.6271309853
18.7634928226
18.5767331123
18.4280600548
18.3942899704
17.7535099983
17.6564178467
17.8363041878
17.6165568829
17.2925550938
16.633092165
16.8441438675
16.5266749859
16.1991980076
16.087690115
15.4745280743
15.6338391304
15.0696702003
15.3168051243
14.7920181751
14.6875870228
14.4019811153
14.5065989494
14.0618338585
14.0411300659
13.7297599316
13.9912769794
13.4734110832
13.693903923
13.3847959042
13.6990580559
13.3082659245
13.2138500214
13.1721429825
13.1200959682
13.1109650135
13.0519609451
12.8793978691
13.0940458775
12.691275835
12.7900159359
12.7892889977
12.5091588497
12.7731158733
12.1671011448
12.3761999607
12.1468670368
11.944922924
12.1152141094
11.7703959942
12.0633080006
11.6090250015
11.7900648117
11.6110050678
11.3548409939
11.509732008
11.5238080025
11.133300066
83.8702788353
71.5662090778
65.2312479019
53.0505511761
50.3921840191
48.3840019703
48.2116069794
37.5538380146
37.0571208
36.5755860806
36.5821580887
34.5806081295
34.2505750656
33.7562019825
33.3757221699
31.9888448715
31.5606658459
31.4915990829
31.0538361073
30.6848609447
30.0490748882
30.0879731178
30.145950079
29.3224229813
29.3649320602
28.4669458866
28.6158230305
27.6326141357
26.4914219379
26.1356890202
25.9325609207
24.9748139381
24.878287077
24.200067997
23.9261901379
23.1010210514
21.8972759247
21.4640049934
21.401458025
20.9558160305
21.1855728626
19.9921269417
19.6266698837
18.6906440258
18.7146370411
18.5531921387
18.0949459076
17.9754989147
17.6097400188
17.7352221012
17.5160119534
17.337998867
16.8266811371
16.6563279629
16.7000479698
16.074598074
15.9700500965
15.7066829205
15.5945079327
15.0814361572
15.2647659779
14.6823439598
14.7959899902
14.408315897
14.4944269657
14.1028490067
13.8797659874
13.8515341282
13.6827790737
13.795470953
13.6789751053
13.4506440163
13.6354129314
13.265048027
13.2244360447
13.2232758999
12.8862028122
13.2646069527
12.8282110691
13.1683199406
12.9970419407
12.7715330124
12.6990110874
12.7414219379
12.5437588692
12.6846678257
12.2927360535
12.2596180439
11.9970388412
12.0487868786
12.205092907
12.062762022
11.8398959637
11.609030962
11.6394078732
11.7020258904
11.4188201427
11.463711977
11.4338130951
11.2021620274
83.8811779022
71.6031870842
65.2969400883
53.0235710144
50.5108010769
48.4106259346
48.0088839531
37.5793499947
37.140887022
36.6021158695
36.4576640129
34.6353929043
34.3117120266
33.8104310036
33.4261980057
31.6313071251
31.8218650818
31.667080164
30.8145680428
30.7393820286
30.1603529453
30.0494439602
29.8336238861
29.4305741787
29.3698000908
28.7018771172
28.3836379051
27.6463849545
26.4873859882
26.2546799183
26.0409429073
24.7375450134
24.9615340233
24.0979759693
23.9813168049
23.2328290939
21.7171070576
21.4008290768
21.4721260071
21.1664888859
20.9232480526
20.1721019745
19.6514341831
18.6335141659
18.5852229595
18.4986720085
18.2235338688
18.0775630474
17.4888930321
17.776350975
17.6873729229
17.3489370346
16.6406910419
16.7710149288
16.4878509045
16.2857530117
15.8612148762
15.5409531593
15.6142909527
15.3438839912
15.0383489132
14.9173529148
14.8496699333
14.2950959206
14.2906970978
14.0709059238
14.1029040813
13.9905469418
13.7686088085
13.740019083
13.3573300838
13.5409200191
13.5621387959
13.4599401951
13.1306860447
13.2653059959
12.9512488842
13.0983359814
13.1393430233
12.8761250973
12.9851229191
12.9213609695
12.7888479233
12.4974629879
12.6728270054
12.7648229599
12.2820651531
12.1860029697
12.1859030724
12.0712990761
12.046435833
11.8304729462
12.0611290932
11.6498999596
11.6955728531
11.5621240139
11.4930078983
11.4159619808
11.3603589535
11.4534368515
83.8629469872
71.6206860542
65.2194459438
53.0841069221
50.5322179794
48.1658809185
48.1674799919
37.6513998508
36.8319270611
36.5912930965
36.7458300591
34.4118561745
34.4716389179
33.5138061047
33.6332671642
31.7772111893
31.7828528881
31.3437960148
30.9797620773
30.7559478283
30.1270959377
30.0213730335
30.0868320465
29.310600996
29.3262679577
28.6133320332
28.4504539967
27.8234279156
26.5065021515
26.0694360733
26.0725061893
24.6890470982
24.893362999
24.345430851
23.8886260986
23.289591074
21.7234330177
21.6415891647
21.2544350624
21.1124441624
20.9813508987
20.1974790096
19.443363905
18.8675098419
18.5299041271
18.6800839901
17.9669129848
17.8904728889
17.8398590088
17.7622621059
17.6445538998
17.2170751095
16.7828919888
16.5654780865
16.6947569847
16.1578979492
15.9295859337
15.5389041901
15.6588079929
15.1156067848
15.2180349827
14.9575550556
14.6524159908
14.4129180908
14.4621531963
14.0843851566
13.9037289619
13.7873678207
13.8665499687
13.6543469429
13.5120999813
13.7097108364
13.5002660751
13.3266470432
13.1098229885
13.1511900425
13.2913999557
12.9713189602
13.0621359348
13.0364980698
12.7927680016
12.8432638645
12.9664030075
12.4885599613
12.8401880264
12.576846838
12.2373149395
12.3126478195
11.9805278778
12.1464939117
12.0361180305
11.8635590076
12.0546681881
11.5678730011
11.8088560104
11.5395231247
11.5764899254
11.4094560146
11.4681370258
11.2274148464
83.6801989079
71.4253871441
65.4413728714
52.969192028
50.4504840374
48.3346781731
48.154458046
37.482131958
37.2857849598
36.6756908894
36.3651180267
34.7706429958
34.2361061573
33.7155737877
33.4421060085
31.9066421986
31.5336551666
31.6198410988
30.7586519718
30.7536661625
30.209966898
30.2272210121
29.7534730434
29.4410049915
29.2365188599
28.6673979759
28.6183950901
27.4760739803
26.7922568321
26.0497620106
25.8754661083
24.8375201225
24.9453380108
24.163916111
23.8465900421
23.2445509434
21.8810448647
21.4266328812
21.3836679459
21.2248511314
20.8228559494
20.2960958481
19.3737540245
18.9776751995
18.5402700901
18.4242339134
18.2702670097
17.8963940144
17.7359759808
17.7807660103
17.8503959179
17.0675020218
16.6097168922
16.8757271767
16.498609066
16.2125298977
16.0441410542
15.5708079338
15.4850418568
15.3443000317
14.9619300365
14.9669878483
14.7678530216
14.3832828999
14.2682518959
14.2134459019
13.9835150242
13.7944891453
13.7955989838
13.7860870361
13.4892408848
13.5437409878
13.4668049812
13.3797621727
13.210258007
13.2779409885
12.8884429932
13.2597169876
12.9149339199
13.1506199837
12.8431830406
12.9455361366
12.7848501205
12.502106905
12.7744719982
12.6938250065
12.1677429676
12.3041470051
12.0413870811
12.1229870319
11.9880940914
11.8829360008
11.8904020786
11.8284630775
11.6657338142
11.6470758915
11.3045248985
11.521476984
11.4349930286
11.4306709766
