Experiment Results
87.746958971
71.6043279171
65.2784259319
52.9357619286
50.5400130749
48.3950989246
48.0892760754
37.659291029
37.0690140724
36.6040449142
36.5569798946
34.4325270653
34.3808739185
33.6594810486
33.5016081333
31.9669718742
31.5597419739
31.4045059681
31.0609018803
30.7383620739
29.9837269783
30.0639278889
30.0060241222
29.4831929207
29.3644359112
28.567841053
28.4585530758
27.7042529583
26.3634078503
26.3524060249
26.0176239014
24.7737460136
24.7878601551
24.2521159649
24.1386032104
23.0522558689
21.7365031242
21.5736482143
21.5233919621
20.8786821365
20.9854519367
20.2680130005
19.4868268967
18.6715860367
18.8213281631
18.3428509235
18.3130090237
17.8810482025
17.6062078476
17.8647370338
17.5629758835
17.31529212
16.5832290649
16.7800378799
16.3766310215
16.4154438972
16.0531978607
15.4880838394
15.4835109711
15.3888258934
15.2000670433
14.6182479858
14.8926579952
14.4388699532
14.1477282047
14.2440328598
13.955283165
13.8650848866
13.6649198532
13.7282290459
13.6057620049
13.6438310146
13.5065441132
13.4181540012
13.1747999191
13.0475029945
13.2230238914
13.1820349693
12.9210169315
12.9483428001
13.0715229511
12.8030879498
12.8764870167
12.4811980724
12.7129371166
12.5722379684
12.262223959
12.3049697876
12.0304310322
12.1529610157
12.087364912
11.8280539513
12.0409510136
11.787530899
11.5854029655
11.5896430016
11.5030469894
11.4527070522
11.4150121212
11.326084137
83.8777298927
71.5544710159
65.2208890915
53.1047430038
50.4324510098
48.341383934
48.0808839798
37.6563639641
36.9908061028
36.6422832012
36.4713549614
34.5705831051
34.2397620678
33.8349199295
33.3998470306
31.991727829
31.5596168041
31.6082539558
30.9735720158
30.6444611549
30.186383009
29.8917639256
29.934887886
29.5934920311
29.1796929836
28.7517910004
28.5294778347
27.6561989784
26.5733480453
26.2916548252
25.7248499393
24.9141550064
24.9688909054
23.9452478886
24.1029880047
23.1814849377
21.770870924
21.4720478058
21.3769230843
21.0998768806
20.9760811329
20.0560071468
19.6754078865
19.0651009083
18.2509539127
18.7407171726
18.0025851727
18.0078418255
17.5243761539
17.7937829494
17.61845994
17.4109339714
16.7729351521
16.6946890354
16.4567539692
16.1999900341
15.9568061829
15.6984751225
15.4740889072
15.3166158199
15.0494029522
15.0751821995
14.6682040691
14.3391728401
14.4466590881
14.0552630424
13.9174559116
13.9247760773
13.6764509678
13.6827399731
13.4718210697
13.6815469265
13.6090650558
13.2730200291
13.3481180668
13.1118721962
13.0145800114
13.0567779541
12.9379010201
13.0427939892
13.0879080296
12.8692378998
12.5288898945
12.8554480076
12.5536370277
12.7126181126
12.2071080208
12.3490679264
12.1942489147
11.9629969597
12.0177071095
11.8540589809
12.026856184
11.7023391724
11.8073301315
11.5655071735
11.1870079041
11.6173539162
11.3778150082
11.4162409306
83.7265400887
71.5373139381
65.287938118
53.2093298435
50.3439660072
48.3390450478
48.1326539516
37.5093150139
37.3549258709
36.4007589817
36.4520671368
34.8696930408
34.335668087
33.6517279148
33.3225929737
32.0335919857
31.630136013
31.3075408936
31.0239109993
30.6896629333
30.2648289204
29.880480051
30.0281999111
29.3759019375
29.3914239407
28.3804090023
28.7874469757
27.5248410702
26.5122799873
26.2103888988
26.0353760719
24.6834328175
24.8470768929
24.2978429794
23.9213480949
23.2021410465
21.6866180897
21.5596830845
21.3336760998
20.9987151623
21.2442541122
20.0382249355
19.5403749943
18.894356966
18.5807209015
18.5005409718
18.093020916
17.9660179615
17.794011116
17.6898930073
17.4120070934
17.555270195
16.6856880188
16.6475160122
16.5736150742
16.1453561783
16.1111180782
15.5550999641
15.4687428474
15.2898499966
15.1183509827
14.8489179611
14.798871994
14.3773169518
14.3720719814
13.9882369041
14.149435997
13.6960999966
13.9651761055
13.6255919933
13.5791020393
13.4643089771
13.4958200455
13.5759651661
13.0780889988
13.2937989235
12.8922810555
13.3159358501
12.8544149399
12.9947631359
13.0911130905
12.7835741043
12.8270099163
12.6476438046
12.5600240231
12.6006789207
12.4241411686
12.1707751751
12.0654199123
12.1714539528
12.0274221897
11.9980051517
11.8397190571
11.6780340672
11.7033438683
11.5794949532
11.5951139927
11.3796761036
11.2877972126
11.3582940102
83.8119211197
71.4194509983
65.4435889721
53.1575350761
50.2244539261
48.3803570271
48.1508359909
37.6624500751
37.1348388195
36.5436491966
36.3549609184
34.6509158611
34.3813989162
33.6672959328
33.397657156
32.0925159454
31.7266688347
31.300465107
30.9881429672
30.7507288456
29.9323990345
30.0773561001
29.978427887
29.5131669044
29.3108010292
28.6685490608
28.3989591599
27.730711937
26.4143438339
26.1857829094
26.0856459141
24.6860580444
24.9088120461
24.3286919594
24.0023691654
23.0658419132
21.7951359749
21.5737400055
21.4078960419
21.1867909431
20.9600558281
20.1115839481
19.4360752106
18.8725378513
18.6047799587
18.4840941429
18.1620249748
17.9867060184
17.5017380714
18.0051410198
17.4513299465
17.1485259533
16.8306651115
16.7814021111
16.6864271164
16.1681540012
15.8851811886
15.6304619312
15.6057670116
15.1912460327
15.1000509262
14.7266690731
14.9357979298
14.3440089226
14.4492359161
14.1217989922
13.975454092
13.8741250038
13.7894530296
13.6201179028
13.5718228817
13.5888659954
13.5277941227
13.2276029587
13.2716369629
13.3430938721
12.8986020088
13.1067399979
13.0333280563
13.1624069214
12.7628750801
13.0470590591
12.6296169758
12.7183241844
12.7164361477
12.5319471359
12.2186028957
12.3734059334
11.9018650055
12.2706520557
11.8691220284
12.0134131908
11.9606719017
11.8004918098
11.6295099258
11.7160301208
11.3159499168
11.3508079052
11.4418690205
11.3094859123
83.8843019009
71.6413609982
65.1279280186
53.260217905
50.4507460594
48.3281128407
48.0642778873
37.7195680141
37.0442149639
36.6553459167
36.2725789547
34.7810008526
34.1652510166
33.7616899014
33.4190921783
31.8832628727
31.7968649864
31.365183115
30.873554945
30.7853868008
30.2181949615
30.1453549862
30.0714809895
29.1686401367
29.3620209694
28.4181120396
28.6898539066
27.7006130219
26.4222178459
26.0952618122
26.0931661129
24.9362959862
24.9671919346
24.031648159
23.9746510983
23.0474159718
21.942440033
21.4419660568
21.3481311798
21.1625900269
20.9113998413
20.1421530247
19.7628719807
18.8000669479
18.3894979954
18.5910410881
18.3487029076
17.6911969185
17.6770539284
17.7346231937
17.7503650188
17.2051849365
16.8546030521
16.5906059742
16.6863780022
16.0911989212
15.9569368362
15.6294801235
15.5875771046
15.2741999626
15.0850760937
14.9394891262
14.6960279942
14.3352520466
14.3665540218
14.1428830624
14.0524761677
13.8132328987
13.8848099709
13.7764210701
13.4089598656
13.5697169304
13.3698658943
13.5651130676
13.1668097973
13.080188036
13.0869870186
13.2424600124
13.0270910263
13.1610589027
12.8119518757
12.6784081459
12.8880331516
12.5882389545
12.6746649742
12.467386961
12.5308289528
12.0685150623
12.2922489643
11.8885419369
12.0524148941
11.9593400955
11.7781219482
11.8046591282
11.7520730495
11.7188580036
11.5585849285
11.254502058
11.4559562206
11.3108398914
83.8932139874
71.5589718819
65.2579519749
53.014193058
50.5778110027
48.2438931465
48.283618927
37.3620948792
37.1708319187
36.7531929016
36.3650021553
34.5996417999
34.5138919353
33.6006059647
33.3404610157
31.8773090839
31.7925629616
31.479377985
30.7549660206
30.9121699333
30.1370441914
29.9662971497
30.1064100266
29.1973030567
29.4055960178
28.6481568813
28.360240221
27.881305933
26.5054688454
26.2469809055
25.7833909988
24.7569699287
25.0685119629
24.1102039814
23.8800630569
23.3811371326
21.6985230446
21.5092868805
21.2676029205
21.0251140594
21.0074141026
20.1019730568
19.6739561558
18.8871119022
18.3419728279
18.7491700649
18.164203167
17.897550106
17.6243829727
17.7539730072
17.6079099178
17.205904007
16.8056650162
16.7172889709
16.5804450512
16.2917637825
15.9617781639
15.675041914
15.5001709461
15.2610521317
15.1236259937
14.6605091095
14.9941530228
14.2015089989
14.3770079613
14.1648449898
14.0599350929
13.8948729038
13.72620821
13.5931620598
13.5794260502
13.700455904
13.6106519699
13.0669939518
13.3764388561
13.0774919987
13.112869978
13.0343689919
13.2247850895
12.9594631195
12.9141209126
12.7642359734
12.7981369495
12.6848409176
12.7027390003
12.6652889252
12.3008811474
12.2496840954
12.0021541119
12.0956130028
11.9875741005
12.0903429985
11.9020779133
11.655990839
11.702545166
11.4786100388
11.5912349224
11.522591114
11.3427479267
11.3218181133
