Experiment Results
87.5427670479
71.5247921944
65.2922968864
53.0273468494
50.3766350746
48.3608748913
48.1786901951
37.4749701023
37.25532794
36.6774601936
36.2933571339
34.9418969154
34.0529999733
33.8317379951
33.3716192245
31.8810751438
31.7608959675
31.5037338734
30.9412310123
30.5244939327
30.2569098473
30.0813691616
29.8853309155
29.4430119991
29.459125042
28.5294148922
28.6307480335
27.4300079346
26.7717869282
26.1539640427
25.9402341843
24.757199049
24.7874119282
24.2872998714
23.8698580265
23.3143181801
21.9200241566
21.1486198902
21.6729800701
20.8568890095
20.9434771538
20.2201788425
19.5476469994
18.994533062
18.4304640293
18.5916669369
18.1272280216
18.101457119
17.5952489376
17.5493988991
17.6756291389
17.3757920265
16.70114398
16.85648489
16.4198868275
16.120942831
15.9461638927
15.692991972
15.6366491318
15.1497941017
15.2676939964
14.9048039913
14.6023378372
14.3416440487
14.2902588844
14.1713740826
13.9905638695
13.7881941795
13.7722599506
13.78952384
13.5161569118
13.5129468441
13.7114920616
13.1898720264
13.4064970016
13.0565690994
13.1502468586
13.0927340984
12.7958250046
13.0444471836
13.042263031
12.7721509933
12.9201188087
12.5495989323
12.4771649837
12.8111081123
12.1950469017
12.3882060051
12.0767269135
11.9169068336
12.00085783
12.319286108
11.7559938431
11.6992950439
11.6738479137
11.7340350151
11.579458952
11.043610096
11.6546108723
11.2701909542
83.8596510887
71.6892149448
65.6839430332
53.0558180809
50.4484269619
48.410517931
47.9899849892
37.8359439373
37.0909678936
36.5653059483
36.6627380848
34.5818181038
34.3464729786
33.7981660366
33.6315510273
31.6182479858
31.7632601261
31.6043059826
30.8999531269
30.8177111149
29.9662220478
30.0279231071
29.9941768646
29.5870120525
29.1955871582
28.5441470146
28.6870288849
27.7429289818
26.2017941475
26.5047981739
25.7370340824
24.8965630531
24.8654959202
24.2974419594
23.8895878792
23.1936609745
21.7529780865
21.5521478653
21.3717041016
21.0963118076
20.843239069
20.1084489822
19.638035059
18.8199458122
18.525290966
18.7062270641
18.1398198605
17.9229130745
17.5548529625
17.7109730244
17.9530501366
17.1228380203
16.736918211
16.5711629391
16.7348589897
16.11855793
15.9293138981
15.695966959
15.7661409378
15.0190501213
15.0566389561
14.807559967
14.6669890881
14.5301959515
14.4287800789
14.0044400692
13.8676230907
14.0562829971
13.8171310425
13.585958004
13.4060649872
13.6776430607
13.3876829147
13.3636801243
13.4485468864
13.1679599285
13.1516289711
13.0398170948
12.9311199188
13.1350340843
12.8856348991
12.6176879406
13.0119841099
12.6325979233
12.691478014
12.4447250366
12.5435988903
12.118336916
11.9953548908
12.3394210339
11.6599578857
12.0635290146
11.83056283
11.7974188328
11.6296889782
11.7844319344
11.5586400032
11.4210569859
11.3675441742
11.4163281918
84.0003371239
71.645829916
65.3876841068
52.9775059223
50.7841339111
48.3692150116
47.9035959244
37.5839350224
37.317617178
36.6250529289
36.3367290497
34.669711113
34.3882939816
33.7612709999
33.391220808
31.8337519169
31.7319931984
31.6497728825
30.6933290958
30.8300068378
30.271228075
29.9699029922
30.0487120152
29.3789579868
29.4286978245
28.4850261211
28.591807127
27.4944469929
26.4408779144
26.3611581326
25.7936940193
25.1964828968
24.7676401138
24.1612701416
24.1146640778
22.9377920628
21.7886071205
21.823210001
21.3430440426
20.8816189766
21.0115668774
19.9700388908
19.9574291706
18.8317329884
18.4885771275
18.4298131466
18.1918199062
17.7309939861
17.858093977
17.7412199974
17.381125927
17.3838801384
16.9539549351
16.6518070698
16.2701871395
16.312390089
16.2607619762
15.5889570713
15.4920921326
15.0407450199
15.0373849869
14.8585550785
15.0384578705
14.3212060928
14.3111701012
13.8689119816
14.0850629807
14.0011258125
13.6693770885
13.7338750362
13.5512909889
13.8036179543
13.3904569149
13.1569669247
13.1752269268
13.4846858978
12.9346148968
13.063010931
13.1224770546
13.237680912
12.6423721313
12.8291471004
12.7008979321
12.6282639503
12.7143259048
12.7143080235
12.1499249935
12.3835070133
12.1075239182
12.0053489208
11.8824169636
12.0851328373
12.1726400852
11.4854409695
11.5492231846
11.6238019466
11.3802380562
11.5933859348
11.4822101593
11.2827088833
83.796667099
71.3661770821
65.3152928352
53.2915451527
50.3089568615
48.4622359276
48.0596439838
37.6523909569
37.1798040867
36.560669899
36.2640650272
34.897176981
34.2605860233
33.7561299801
33.4072630405
31.69094491
31.9039008617
31.3824870586
30.900316
30.6411170959
30.2119109631
29.9445819855
30.1138238907
29.348845005
29.2073459625
28.5627219677
28.7799749374
27.6596610546
26.5020051003
26.0606739521
25.9920139313
24.8668620586
24.7911961079
24.5590209961
23.978760004
23.0221440792
21.8260719776
21.3838322163
21.5373368263
20.8443059921
21.2506110668
19.9312758446
19.5403928757
18.9008388519
18.5677149296
18.5742278099
17.9729380608
18.0916960239
17.7070379257
17.859596014
17.2175290585
17.3682420254
17.0565738678
16.6040349007
16.4845721722
16.0800287724
15.9996960163
15.6940889359
15.475222826
15.4873330593
15.0336208344
14.7734670639
14.8886249065
14.387291193
14.1687240601
14.2533750534
13.8998351097
13.7357690334
14.2268829346
13.2559108734
13.762663126
13.3682940006
13.7557439804
13.2251529694
13.3233218193
13.0082437992
13.0477600098
13.1507358551
12.9529678822
13.0694408417
13.0314779282
12.7867488861
12.677521944
12.7721800804
12.6354019642
12.5815830231
12.3574259281
12.3142750263
12.0707480907
12.0600781441
11.8901491165
12.0790951252
12.1542551517
11.4888210297
11.720954895
11.5711231232
11.6472249031
11.5087790489
11.2823941708
11.1110560894
83.8954489231
71.6218218803
65.521777153
53.114672184
50.3726439476
48.2620151043
48.2565720081
37.5762708187
37.0666611195
36.5228300095
36.6039378643
34.5923922062
34.2334001064
33.7866449356
33.4212648869
31.841698885
31.813079834
31.4168798923
30.8627970219
30.7734179497
30.1658170223
30.1143188477
29.9304540157
29.2766849995
29.3883740902
28.5749111176
28.5655910969
27.7198178768
26.4036588669
26.3326051235
25.7849988937
24.9673891068
24.8706049919
24.1911349297
23.8859219551
23.2644300461
21.7956850529
21.4340100288
21.4219169617
20.9536650181
20.982352972
20.3571720123
19.3391621113
18.9866070747
18.5265622139
18.3648469448
18.2802679539
17.9399180412
17.6378569603
17.7212779522
17.7662131786
17.2228989601
16.6322860718
16.6249570847
16.6819050312
16.2393820286
16.2875671387
15.181828022
15.7218999863
15.3883619308
14.850894928
14.8491511345
14.882712841
14.2815201283
14.3847198486
14.0962529182
14.000647068
13.9961228371
13.6578111649
13.6131291389
13.6176440716
13.4480938911
13.8013558388
13.2032790184
13.1478638649
13.2861909866
12.9852659702
13.2500650883
12.9272391796
12.9762001038
12.9142680168
12.8739719391
12.8559889793
12.600771904
12.7280769348
12.5484380722
12.4130220413
12.0694539547
12.3028299809
12.0712170601
12.0232169628
11.9031910896
11.9585580826
11.4872558117
11.7335059643
11.6269881725
11.6134810448
11.3435668945
11.5869698524
11.1401929855
83.7942271233
71.4985620975
65.228908062
53.0883150101
50.5657091141
48.3512010574
47.9547991753
37.5820682049
37.1312949657
36.5864970684
36.6149201393
34.8269500732
33.989675045
33.7909140587
33.4402608871
31.734251976
31.5790338516
31.4727880955
31.0742959976
30.6709551811
30.0461099148
30.2132468224
29.772660017
29.3720901012
29.5012509823
28.4011018276
28.5743029118
27.7658779621
26.4870550632
26.3595919609
25.9664039612
24.9437799454
24.5871641636
24.1878092289
24.0460119247
23.3087229729
21.6802239418
21.4749991894
21.5088708401
20.9072680473
21.0294790268
20.3933041096
19.1434049606
18.9866938591
18.6209881306
18.5173239708
18.2336099148
17.7671749592
17.8235878944
17.6901860237
17.5587852001
17.5101439953
16.6638770103
16.6877028942
16.4654889107
16.385833025
15.9095680714
15.5035061836
15.5247299671
15.4660768509
15.1286859512
14.9493470192
14.8313958645
14.4841468334
14.0548150539
14.1628239155
13.9919469357
13.87885499
13.8358960152
13.5470900536
13.5857479572
13.4657540321
13.6256940365
13.2704801559
13.1945238113
13.241579771
13.0363709927
13.0398008823
13.0319271088
13.1398468018
13.0178048611
12.6886570454
12.8715469837
12.6229538918
12.5760889053
12.5951290131
12.5300929546
12.0378119946
12.0504250526
12.2095811367
12.0814528465
11.84720397
11.8448870182
11.9033248425
11.6788439751
11.5796229839
11.3951251507
11.5343720913
11.4678039551
11.2053720951
