Experiment Results
87.5107619762
71.6017289162
65.3288321495
53.0472061634
50.4949080944
48.3230891228
48.0445899963
37.6685760021
37.1345551014
36.417951107
36.647783041
34.4312231541
34.4998819828
33.7862980366
33.3592369556
31.7658469677
31.7776529789
31.4638168812
30.839345932
30.8158488274
29.9774320126
30.1713030338
30.0733668804
29.191065073
29.4249670506
28.6211361885
28.667566061
27.4929089546
26.4427001476
26.1023488045
26.1729168892
24.8873291016
24.8652808666
23.973803997
24.0201599598
23.1273100376
22.1148757935
21.2664809227
21.2894258499
20.9877610207
21.2577331066
20.0227310658
19.6399588585
18.7515859604
18.5953629017
18.3676159382
18.3029019833
17.9746761322
17.5846421719
17.8741900921
17.5908961296
17.1980080605
16.8778371811
16.7021610737
16.465597868
16.2933130264
15.8615739346
15.8298490047
15.5515098572
15.0836107731
15.0844130516
14.9365501404
14.8365311623
14.2763619423
14.1099200249
14.2502360344
14.1224548817
13.7524659634
13.8117918968
13.7799851894
13.6646659374
13.449557066
13.4923341274
13.384968996
13.0568990707
13.2778110504
13.0064840317
13.3636209965
13.0061807632
12.7968351841
13.0897428989
12.7649028301
12.9076080322
12.5965149403
12.6739518642
12.5787789822
12.3904688358
12.1871168613
12.0884828568
12.0807039738
12.1235151291
11.869592905
11.7024991512
12.1629338264
11.3709688187
11.652862072
11.4368629456
11.6021280289
11.1682310104
11.3569788933
83.9324910641
71.4964170456
65.1568651199
53.2155959606
50.3559129238
48.3548851013
48.0309450626
37.5818288326
37.220345974
36.7629859447
36.1251120567
34.8064930439
34.2623989582
33.7689499855
33.4473898411
31.9088959694
31.7300181389
31.5107300282
30.9725399017
30.6146688461
30.0536699295
30.2573931217
29.7702879906
29.3534111977
29.62768507
28.4124770164
28.3083570004
27.8558621407
26.3193738461
26.415487051
25.983134985
24.8966720104
24.6021809578
24.2761130333
24.059333086
23.1603889465
21.8864910603
21.2813580036
21.4706850052
21.0179510117
21.0892829895
20.1751449108
19.5899610519
18.7763659954
18.5837340355
18.5737569332
18.1285190582
18.1153140068
17.4479601383
17.7977011204
17.6452770233
17.244328022
16.8512408733
16.6804199219
16.2437250614
16.3148741722
16.1204910278
15.3767631054
15.7920291424
15.1003170013
15.3731198311
14.7312681675
14.612732172
14.5274097919
14.392444849
14.1738200188
13.8285238743
13.7351870537
13.891835928
13.9048449993
13.3335340023
13.4619140625
13.7327899933
13.2665379047
13.3368930817
12.8910410404
13.3597681522
12.854902029
13.1352190971
13.1012141705
13.0422129631
12.8802940845
12.5309100151
12.8847088814
12.6820170879
12.563628912
12.1220622063
12.3732838631
11.9862339497
11.9907741547
12.2978971004
11.6875398159
12.178306818
11.7277390957
11.5334851742
11.6060700417
11.5862121582
11.3060569763
11.5303108692
11.1323330402
83.9854388237
71.4142010212
65.1984350681
53.1972930431
50.382789135
48.3263199329
48.1988210678
37.3549261093
37.4741008282
36.6098790169
36.3276309967
34.8488509655
34.1391031742
33.6762671471
33.35415411
31.9116442204
31.8083782196
31.34055686
31.0457239151
30.5580191612
30.1916148663
30.1606359482
29.9142169952
29.4539949894
29.2974321842
28.6720120907
28.5752258301
27.6658699512
26.5825419426
26.067866087
25.9743599892
24.8001360893
25.0493168831
23.9955060482
23.8781509399
23.2631039619
21.8821868896
21.4607110023
21.1808309555
21.1791570187
20.8877749443
20.2946910858
19.5681140423
18.5761618614
18.8918149471
18.2973351479
18.2773051262
17.8645019531
17.7795760632
17.6273300648
17.6703281403
17.2749209404
16.6870570183
16.8741238117
16.6234111786
16.0368230343
16.161616087
15.5285909176
15.381305933
15.4292387962
14.917817831
14.8044888973
14.9376108646
14.4116151333
14.3296070099
14.135463953
13.915596962
13.7049398422
14.0425019264
13.6203830242
13.4892809391
13.7362029552
13.2810590267
13.442027092
13.3361051083
12.9238300323
13.4640989304
12.8944919109
13.0871241093
12.8977329731
13.1645200253
12.6070990562
13.0010621548
12.5425081253
12.5368139744
12.6625840664
12.3253250122
12.1608469486
12.2264301777
12.2324080467
11.7258279324
12.1013691425
11.9437570572
11.705698967
11.6708548069
11.701228857
11.5000731945
11.5044410229
11.1561770439
11.5676658154
83.5320110321
71.8195559978
65.0531830788
53.2202479839
50.5441188812
48.1767680645
48.3070640564
37.4297938347
37.1460428238
36.5458600521
36.5100600719
34.6425249577
34.4255180359
33.6462709904
33.6495831013
31.7915349007
31.5935020447
31.4832220078
30.7773938179
30.9831700325
29.9687421322
29.9790201187
30.0443429947
29.3944611549
29.4689471722
28.498898983
28.633534193
27.3842129707
26.8875319958
26.0375010967
26.0187518597
24.790348053
24.8818609715
24.0676970482
24.0466690063
23.3210029602
21.5952150822
21.5863070488
21.3643329144
21.0863981247
21.073127985
19.8885409832
19.8613398075
18.5372669697
18.6389689445
18.6988649368
18.1651189327
17.8849990368
17.7302441597
17.6351940632
17.5342450142
17.3290121555
16.6079781055
16.9589800835
16.6376459599
15.9274129868
16.2100930214
15.4812791348
15.4895689487
15.3008608818
15.362331152
14.7406008244
14.8377559185
14.5278069973
14.2523078918
13.9440350533
13.923568964
13.9798350334
13.7431659698
13.6365060806
13.4830429554
13.6324768066
13.4959559441
13.4083328247
13.1782500744
13.172492981
12.9745509624
13.1737949848
13.1412730217
12.859749794
13.099517107
12.6792991161
12.9547700882
12.6605148315
12.5178220272
12.7141799927
12.3606288433
12.1253809929
12.3026988506
12.0366010666
12.0900409222
12.041590929
11.5535180569
12.0629601479
11.5389709473
11.6672551632
11.4060149193
11.352449894
11.4918069839
11.4733140469
83.7110128403
71.4679439068
65.3244020939
52.9262070656
50.5693569183
48.2322630882
48.1448431015
37.5102899075
37.1578290462
36.7708821297
36.1422791481
34.7111318111
34.4355700016
33.805243969
33.3594150543
31.8876810074
31.5723259449
31.8389160633
30.5867869854
30.7896270752
30.0655710697
30.303385973
29.7709569931
29.5513439178
29.1817572117
28.6556329727
28.4559659958
27.6278891563
26.55006814
26.1744570732
26.3094928265
24.6474878788
24.8432941437
24.0207960606
24.1369769573
23.1018879414
21.9909701347
21.5064339638
21.3557419777
20.9733738899
20.983243227
19.9800438881
19.6992208958
18.6340210438
18.8473620415
18.4022068977
18.1932859421
17.8601360321
17.7122571468
17.8056781292
17.5952310562
17.4325420856
16.4130730629
16.9793279171
16.4440219402
16.2731978893
15.8528079987
15.6472420692
15.4734039307
15.2250390053
15.0976240635
14.9961409569
14.7685489655
14.3168969154
14.6150820255
13.893474102
13.8905789852
13.9067730904
13.8723890781
13.6607830524
13.5915839672
13.3876008987
13.7766280174
13.2221240997
13.1635019779
13.2302951813
13.1757040024
13.0946369171
13.1619589329
12.9136459827
12.9821281433
12.7616000175
12.8792338371
12.4869539738
12.7812800407
12.5371360779
12.2915298939
12.3050990105
12.0359008312
12.1583511829
12.0745921135
11.9391028881
11.9700400829
11.5773649216
11.6057989597
11.6738781929
11.5839710236
11.3731119633
11.4167950153
11.324420929
83.6465709209
71.5892088413
65.258097887
53.1471860409
50.2604808807
48.3631689548
48.2613420486
37.4781420231
37.3394701481
36.4689350128
36.5371379852
34.5596199036
34.3855621815
33.6002140045
33.3700339794
31.9736669064
31.8321740627
31.4089310169
30.9619748592
30.7628469467
29.9919500351
30.2045190334
29.6305649281
29.4936380386
29.444835186
28.706499815
28.468239069
27.6507759094
26.619107008
26.1460671425
25.6779868603
24.8029150963
25.2490510941
23.9468529224
24.1011140347
23.1791388988
21.683478117
21.5159890652
21.6376869678
20.9575519562
20.7514147758
20.3422529697
19.4966788292
18.9727361202
18.4503240585
18.5013408661
18.1254990101
18.0611019135
17.5581879616
17.7293250561
17.628123045
17.3674690723
16.7152848244
16.486508131
16.7725090981
16.2349128723
15.8486821651
15.7555270195
15.5625870228
15.131223917
15.1616539955
14.9152269363
14.7737250328
14.3077180386
14.4569399357
14.2958960533
13.8924190998
13.7913501263
13.6103878021
13.6941549778
13.7448039055
13.4427239895
13.4587490559
13.348829031
13.3182601929
13.3709938526
13.2215621471
13.0774040222
12.615336895
13.1266920567
13.0339510441
12.9297580719
12.6783549786
12.6193270683
12.6817319393
12.4986181259
12.4733459949
12.2831711769
11.9312520027
12.3136279583
11.717140913
12.2093760967
11.8769321442
11.6119720936
11.731981039
11.6879239082
11.5009930134
11.3683087826
11.3822438717
11.3149809837
