Experiment Results
3.6154358387
0.267924070358
0.281575918198
0.285695075989
0.260225057602
0.2629301548
0.307110071182
0.277028083801
0.277819871902
0.287565946579
0.25963306427
0.270836114883
0.293123006821
0.275527000427
0.270266056061
0.262744903564
0.349868059158
0.280517101288
0.274688005447
0.323038101196
0.269168138504
0.280139923096
0.295773029327
0.321027040482
0.291831970215
0.301502943039
0.323616981506
0.327966928482
0.349550008774
0.294763088226
0.307412862778
0.273941993713
0.298883914948
0.273251056671
0.270905017853
0.267673969269
0.283033132553
0.303597927094
0.301596879959
0.298982143402
0.300055980682
0.292464017868
0.299779891968
0.271608829498
0.296669006348
0.321493148804
0.301843166351
0.306066036224
0.273889064789
0.316259145737
0.402595996857
0.302137136459
0.325320005417
0.366186141968
0.306806087494
0.310860872269
0.290251970291
0.292075872421
0.277271986008
0.309127092361
0.309151887894
0.29744386673
0.364712953568
0.274716854095
0.268882036209
0.312183141708
0.295547008514
0.275498151779
0.280282020569
0.344540119171
0.274696111679
0.292660951614
0.285070896149
0.270311832428
0.327115058899
0.313921928406
0.283123016357
0.274748086929
0.311201095581
0.266223907471
0.262354850769
0.296231031418
0.265148162842
0.27985906601
0.314352989197
0.315990924835
0.286525964737
0.304691076279
0.28163599968
0.317216873169
0.295533895493
0.294080972672
0.267812013626
0.271644830704
0.290380954742
0.306481838226
0.266449213028
0.330446004868
0.307653903961
0.261877059937
0.262356996536
0.263777971268
0.29052400589
0.2994120121
0.361977815628
0.258507013321
0.27471613884
0.306163072586
0.305265188217
0.264640808105
0.26470708847
0.269739866257
0.289561033249
0.268155097961
0.266275882721
0.311081886292
0.295794963837
0.316261053085
0.264395952225
0.297291994095
0.262521028519
0.307659864426
0.293966770172
0.286749839783
0.275027990341
0.263627052307
0.291163921356
0.277813911438
0.272274017334
0.324614048004
0.262798070908
0.328894138336
0.307068109512
0.26655292511
0.27506685257
0.263912916183
0.33004117012
0.383717060089
0.286082029343
0.272441864014
0.273426055908
0.291959047318
0.372975826263
0.294362068176
0.267228841782
0.290370941162
0.262791156769
0.28783416748
0.262630939484
0.268994092941
0.288474082947
0.263172864914
0.33310008049
0.302938938141
0.313546180725
0.312120914459
0.340492010117
0.264863967896
0.263856887817
0.284622192383
0.29910492897
0.317304134369
0.31103181839
0.318165063858
0.267317056656
0.296613931656
0.317186117172
0.271761894226
0.273522138596
0.268136978149
0.303349971771
0.271159887314
0.279824972153
0.303917884827
0.337569952011
0.379096031189
0.372523069382
0.356268882751
0.264542102814
0.332639932632
0.38510799408
0.26821398735
0.266070127487
0.268928050995
0.26628112793
0.300817012787
0.293467998505
0.293650865555
0.33850312233
0.273049116135
0.290222883224
0.265480995178
0.267213821411
0.301544189453
0.268346071243
0.273094892502
0.308256864548
0.277117013931
0.264476060867
0.277567863464
0.272398948669
0.280377864838
0.265450000763
0.268018007278
0.309648990631
0.281233072281
0.272766828537
0.368752002716
0.308586120605
0.265193939209
0.276435852051
0.264553785324
0.25933098793
0.283786058426
0.305849075317
0.28643488884
0.295753002167
0.331231117249
0.269238948822
0.331384897232
0.309329986572
0.267487049103
0.270242929459
0.270998954773
0.304800033569
0.319571971893
0.265688180923
0.328303098679
0.299329996109
0.294682979584
0.29527592659
0.295680046082
0.301770925522
0.264713048935
0.309468984604
0.26597905159
0.264827013016
0.297950983047
0.29684305191
0.265532016754
0.263860940933
0.312933921814
0.264317989349
0.298031806946
0.270852804184
0.309008836746
0.264392852783
0.263483047485
0.275838851929
0.259912014008
0.267904996872
0.274631977081
0.293714046478
0.29322886467
0.294479131699
0.330380916595
0.267509937286
0.329513788223
0.328322887421
0.348056077957
0.304343938828
0.302728891373
0.267326116562
0.287259101868
0.26779794693
0.307466983795
0.342299938202
0.267995834351
0.349733114243
0.269446134567
0.290093183517
0.293555021286
0.26406788826
0.297873020172
0.304711103439
0.283524036407
0.264966011047
0.277029037476
0.347009897232
0.265069961548
0.299244165421
0.28387093544
0.287201881409
0.318089962006
0.263613939285
0.32399892807
0.291097164154
0.28986787796
0.305650949478
0.30623292923
0.300526857376
0.29265499115
0.285227060318
0.289588928223
0.264950037003
0.321749925613
0.310111045837
0.300220012665
0.323010206223
0.265627145767
0.263499975204
0.26545715332
0.342478990555
0.267085075378
0.286650896072
0.269984960556
0.265280008316
0.265217065811
0.289409160614
0.28994011879
0.269078969955
0.269125938416
0.274963140488
0.340234041214
0.288552999496
0.268088817596
0.340508937836
0.268480062485
0.289248943329
0.270853042603
0.292017936707
0.322777986526
0.276220083237
0.323697090149
0.284810066223
0.299701929092
0.294312953949
0.297563076019
0.298336982727
0.266597986221
0.267216920853
0.265273809433
0.273334026337
0.326357841492
0.290688991547
0.268131017685
0.266924858093
0.266226053238
0.267225980759
0.294533014297
0.268028974533
0.265023946762
0.281414031982
0.316705942154
0.282822847366
0.315087080002
0.299422979355
0.343552112579
0.268519878387
0.32191991806
0.275099992752
0.28493309021
0.303739070892
0.294201850891
0.333784818649
0.268564939499
0.29038310051
0.29817700386
0.298238992691
0.273507118225
0.265169143677
0.271457910538
0.264378070831
0.318943977356
0.382630109787
0.403173923492
0.289336204529
0.279661893845
0.312208890915
0.31619811058
0.293416023254
0.294593095779
0.302696943283
0.349212169647
0.270264863968
0.276216030121
0.264995098114
0.289801120758
0.279975175858
0.273663043976
0.330731868744
0.268108844757
0.285755157471
0.270497083664
0.288722038269
0.263849020004
0.313961029053
0.266602993011
0.288800001144
0.280198097229
0.26611495018
0.267292976379
0.319274902344
0.265630960464
0.273443937302
0.308443069458
0.278752088547
0.264646053314
0.267462015152
0.293525934219
0.264376878738
0.266312122345
0.263649940491
0.284363985062
0.280586004257
0.306241035461
0.301671981812
0.324861049652
0.273983001709
0.317209005356
0.266078948975
0.28293800354
0.338099956512
0.293397903442
0.276567935944
0.350965976715
0.291695833206
0.262538909912
0.26851606369
0.286489009857
0.264110088348
0.288244962692
0.276829004288
0.30986905098
0.292136907578
0.359485864639
0.278563022614
0.281187057495
0.2773001194
0.297888040543
0.336928844452
0.266615152359
0.274316072464
0.264534950256
0.27874994278
0.293269872665
0.33043718338
0.289802074432
0.268452882767
0.274312019348
0.274089813232
0.269229888916
0.28253698349
0.332495927811
0.267460823059
0.32820892334
0.338296890259
0.319262981415
0.273487091064
0.264528989792
0.265375137329
0.285023927689
0.310244083405
0.324578046799
0.278732061386
0.268702983856
0.297178030014
0.316035985947
0.325972080231
0.274450063705
0.294807910919
0.276341915131
0.332046031952
0.291754961014
0.264904975891
0.297595977783
0.268684148788
0.268348932266
0.316548109055
0.314242839813
0.352814912796
0.311007022858
0.281010866165
0.312415122986
0.280468940735
0.29182600975
0.309132099152
0.294411897659
0.286348819733
0.362015008926
0.269779920578
0.310714006424
0.269844055176
0.364259004593
0.269913911819
0.273453950882
0.313362836838
0.283477067947
0.284778833389
0.354174137115
0.271794080734
0.277448177338
0.335949897766
0.2663230896
0.299317836761
0.294700860977
0.363086938858
0.332879066467
0.330446004868
0.312688827515
0.296221971512
0.268864870071
0.270393133163
0.272332906723
0.266427993774
0.266795873642
0.309068918228
0.272586107254
0.291656017303
0.347801923752
0.304039955139
0.270018815994
0.273778915405
0.318284988403
0.274064064026
0.286647081375
0.276943922043
0.29992389679
0.269948959351
0.267995834351
0.306228876114
0.290641069412
0.302319049835
0.267009973526
0.311498165131
0.330106973648
0.316174030304
0.301841974258
0.330239057541
0.272187948227
0.340801000595
0.320538043976
0.323125123978
0.284759998322
0.276575088501
0.280200004578
0.268393993378
0.276064872742
0.290821075439
0.281542062759
0.324093103409
0.277325153351
0.289345979691
0.348999023438
0.271083831787
0.272562980652
0.289880037308
0.318291187286
0.301328897476
0.302526950836
0.295747995377
0.292654037476
0.310191869736
0.308353185654
0.271634101868
0.320453166962
0.311139822006
0.29638004303
0.272873163223
0.298171043396
0.315102100372
0.272252082825
0.268404960632
0.315392017365
0.303529024124
0.266580104828
0.282311916351
0.339863061905
0.270469903946
0.315242052078
0.274163961411
0.373902082443
0.319617033005
0.405573129654
0.27450799942
0.277495861053
0.29825091362
0.270678043365
0.269854068756
0.268414020538
0.308595895767
0.302993059158
0.315262079239
0.326864957809
0.270840167999
0.268472194672
0.303688049316
0.286643981934
0.281183958054
0.305394887924
0.269540071487
0.268706083298
0.338713884354
0.329605817795
0.28293299675
0.292582988739
0.297873020172
0.32389497757
0.292489051819
0.27751994133
