Experiment Results
4.04681301117
0.627533912659
0.681464910507
0.561977863312
0.559063911438
0.574456214905
0.551791191101
0.552626848221
0.59451508522
0.556422948837
0.544688940048
0.542584896088
0.553918123245
0.550492048264
0.6207280159
0.598028898239
0.585187196732
0.610946893692
0.562762975693
0.575443983078
0.553128957748
0.544171094894
0.557456970215
0.538035154343
0.579508066177
0.562012910843
0.653941869736
0.564633131027
0.570616960526
0.530771017075
0.553625106812
0.546571969986
0.566586017609
0.543622016907
0.549769878387
0.570329904556
0.521116018295
0.523105144501
0.5679500103
0.545191049576
0.581820011139
0.616652965546
0.545315980911
0.530372858047
0.512326955795
0.556790113449
0.54233288765
0.62180685997
0.544924974442
0.607583999634
0.533673048019
0.54682302475
0.586004972458
0.523041963577
0.527839899063
0.52990603447
0.550594091415
0.525620937347
0.561130046844
0.524613857269
0.571845054626
0.525392055511
0.519758939743
0.542768955231
0.538549900055
0.514288187027
0.513340950012
0.547090053558
0.544925928116
0.554673910141
0.561047077179
0.554843902588
0.521269083023
0.531020879745
0.51357293129
0.605427026749
0.56026506424
0.534320116043
0.566982030869
0.525381088257
0.552164077759
0.541751146317
0.539499998093
0.553604841232
0.532003164291
0.525672912598
0.515747070312
0.572438001633
0.536738872528
0.544293880463
0.580364942551
0.536422967911
0.57173204422
0.543133020401
0.562263011932
0.616423130035
0.517926931381
0.551399946213
0.577106952667
0.553430080414
0.52490901947
0.553761005402
0.534900903702
0.564700841904
0.606287002563
0.578408956528
0.564642906189
0.552999973297
0.520921945572
0.536072015762
0.542793035507
0.583171844482
0.527652978897
0.55557513237
0.52735710144
0.555121898651
0.569043874741
0.543011903763
0.545799016953
0.534472942352
0.533530950546
0.527176141739
0.543589830399
0.553249120712
0.523637056351
0.538192987442
0.531394958496
0.555613994598
0.513311862946
0.572622060776
0.52165722847
0.571221828461
0.526185035706
0.566197156906
0.577646970749
0.569337844849
0.562530040741
0.635828971863
0.567566871643
0.521501064301
0.524440050125
0.555523872375
0.57062292099
0.576167821884
0.579457998276
0.538686990738
0.542856931686
0.554213047028
0.537188053131
0.555168867111
0.547196865082
0.554422855377
0.543157100677
0.545592069626
0.51869392395
0.586640834808
0.532913923264
0.551836967468
0.598833799362
0.526061058044
0.523010969162
0.545660972595
0.522162914276
0.576768875122
0.523722887039
0.573624849319
0.521430015564
0.524310112
0.554691076279
0.531617879868
0.542343854904
0.550131082535
0.568003177643
0.519167900085
0.60818195343
0.565207958221
0.535104036331
0.531183004379
0.534101963043
0.583567857742
0.52701997757
0.526543140411
0.536718130112
0.55132317543
0.550388813019
0.534374952316
0.523000001907
0.540394067764
0.522879838943
0.593879938126
0.553483963013
0.5777759552
0.545758008957
0.533846139908
0.530441999435
0.592768907547
0.539324045181
0.519165992737
0.572656154633
0.525629043579
0.514095067978
0.537586927414
0.574054956436
0.54861998558
0.53039598465
0.539983987808
0.543131828308
0.605344057083
0.563731193542
0.518362998962
0.566210985184
0.52321600914
0.516514062881
0.601972103119
0.594876050949
0.550588846207
0.571892023087
0.522675037384
0.565618991852
0.541397809982
0.588631153107
0.527131080627
0.538918018341
0.530652999878
0.511692047119
0.556642055511
0.605635881424
0.533998966217
0.569036960602
0.535932064056
0.52920794487
0.541172027588
0.564998865128
0.526192903519
0.519961833954
0.564054965973
0.558656930923
0.593987941742
0.531944990158
0.537887096405
0.526161909103
0.555345058441
0.52366399765
0.576359033585
0.664991140366
0.584046840668
0.530017137527
0.536566972733
0.570750951767
0.517304182053
0.515788078308
0.577478170395
0.539038896561
0.526093006134
0.55659198761
0.534970998764
0.541415929794
0.565408945084
0.562472105026
0.580811977386
0.560492038727
0.539753913879
0.563412904739
0.534763813019
0.572079896927
0.517112970352
0.536041975021
0.545912027359
0.535189151764
0.542528867722
0.513731002808
0.561504840851
0.540794849396
0.53048992157
0.54314494133
0.520765066147
0.542845010757
0.535878896713
0.525160074234
0.579336166382
0.569128036499
0.541275024414
0.562398910522
0.534191131592
0.600234031677
0.579137802124
0.532184123993
0.5355489254
0.543442964554
0.556317090988
0.621750116348
0.624564886093
0.533612012863
0.552742958069
0.534653902054
0.544716119766
0.569688081741
0.568244934082
0.561018943787
0.586843967438
0.551203012466
0.542148113251
0.568737030029
0.555601119995
0.541625976562
0.520901918411
0.555402994156
0.60728096962
0.563715934753
0.524752855301
0.534446954727
0.530761957169
0.545294046402
0.534538984299
0.607642889023
0.560997962952
0.535542011261
0.53680896759
0.522071838379
0.547429084778
0.568104982376
0.55494093895
0.520854949951
0.554543972015
0.560569047928
0.525017023087
0.59383392334
0.565050125122
0.539061069489
0.527633905411
0.579447031021
0.568171024323
0.516272783279
0.539373874664
0.540211200714
0.519892930984
0.625169992447
0.527774095535
0.5114839077
0.579949140549
0.517816066742
0.521568059921
0.532176971436
0.520920038223
0.517019987106
0.559467077255
0.574880123138
0.525748968124
0.525413036346
0.544228076935
0.594707012177
0.539310932159
0.54553604126
0.559587001801
0.562960147858
0.521463871002
0.510740995407
0.541251897812
0.58371591568
0.530067920685
0.574615001678
0.52387213707
0.537379026413
0.582401037216
0.526715993881
0.549757003784
0.554870128632
0.567432165146
0.5291659832
0.613626003265
0.517427921295
0.546901226044
0.578908920288
0.577973842621
0.536020040512
0.515337944031
0.567543983459
0.525819063187
0.554677009583
0.575179815292
0.518309116364
0.546564102173
0.573027133942
0.52312207222
0.525718927383
0.588901042938
0.531711816788
0.546763896942
0.591318845749
0.574579954147
0.51610994339
0.581534147263
0.522044181824
0.619647026062
0.615566968918
0.523391962051
0.559315919876
0.561023950577
0.55279302597
0.528610944748
0.552125930786
0.512510061264
0.520086050034
0.52110004425
0.535716056824
0.516545057297
0.59730386734
0.577754974365
0.557107925415
0.542129993439
0.545424222946
0.589977025986
0.605781078339
0.562132120132
0.566766023636
0.558601140976
0.594582796097
0.553040027618
0.571067094803
0.520240783691
0.558327198029
0.594848871231
0.556361913681
0.532465934753
0.537297010422
0.580398082733
0.593116998672
0.56010890007
0.57004404068
0.572287082672
0.583528995514
0.524458169937
0.546919107437
0.587854862213
0.545231103897
0.581085920334
0.548825025558
0.591969013214
0.623690843582
0.52016711235
0.540230035782
0.574763774872
0.528666973114
0.5452709198
0.54005408287
0.560765981674
0.545815944672
0.534155130386
0.520303964615
0.573271036148
0.534940958023
0.594172000885
0.541825056076
0.533449172974
0.563462972641
0.53503203392
0.521485090256
0.537038087845
0.540447950363
0.565284013748
0.51769900322
0.554942131042
0.535008192062
0.527451992035
0.556133031845
0.591845989227
0.575805902481
0.530452013016
0.519165039062
0.542534828186
0.542634010315
0.57516002655
0.529942035675
0.5694668293
0.527113199234
0.520373106003
0.561608076096
0.60190320015
0.522797107697
0.538524866104
0.537181138992
0.61000919342
0.576130151749
0.516659021378
0.568428039551
0.553378105164
0.527544975281
0.520141124725
0.5596139431
0.536895990372
0.532039165497
0.547358036041
0.519984006882
0.548727989197
0.530095815659
0.514041900635
0.529209852219
0.541708946228
0.528079032898
0.53034901619
0.541646003723
0.517749071121
0.544443845749
0.539333105087
0.517478942871
0.581779956818
0.521603822708
0.56766295433
0.520395994186
0.515704154968
0.559813022614
0.517265081406
0.546226024628
0.543761014938
0.519095897675
0.520958185196
0.532963991165
0.554026126862
0.547803878784
0.575161933899
0.539863109589
0.568889141083
0.531853914261
0.558625221252
0.527745008469
0.580332994461
0.527764081955
0.53880405426
0.545336961746
0.529775857925
0.581946134567
0.554126977921
0.535902023315
0.571849107742
0.521774053574
0.605821847916
0.594860076904
0.63281583786
0.552942991257
0.580784082413
0.531967878342
0.557392120361
0.53360414505
0.572201967239
0.526435852051
0.575659990311
0.522709846497
0.548804998398
0.554723024368
0.569254875183
0.527117967606
0.587065935135
0.566529035568
0.576108932495
0.530259132385
0.548445940018
0.541581869125
0.608704090118
0.554090023041
0.537666082382
0.548660993576
0.545182943344
0.537114143372
0.548500061035
0.527750968933
0.532841920853
0.58186006546
0.570342063904
0.571464061737
0.528927087784
0.639028072357
0.568042039871
0.557694911957
0.587391853333
0.543693065643
0.531473875046
0.554672956467
0.548133850098
0.542538166046
0.549117088318
0.533123016357
0.533211946487
0.560631990433
0.536543130875
0.551522016525
0.560724020004
0.516627073288
0.552657842636
0.531981945038
0.555739164352
0.524075984955
0.528274059296
0.602052927017
0.590229034424
0.545247077942
0.52746295929
0.542226076126
0.557040929794
0.559544086456
0.533468008041
