Experiment Results
87.2131710052
71.716490984
65.4483439922
53.3138160706
50.5493588448
48.506248951
48.3085570335
37.6900839806
37.1800041199
36.7272000313
36.5583040714
34.6524939537
34.1823840141
33.7942650318
33.441740036
31.8321568966
31.803041935
31.4846470356
30.9198131561
30.8919961452
30.0555870533
30.1234540939
29.9410908222
29.5620927811
29.3150169849
28.4410579205
28.8071839809
27.6398282051
26.4762489796
26.3559238911
25.8018071651
24.9605679512
24.9020140171
24.0440571308
24.1286461353
23.3269641399
21.6326551437
21.5721719265
21.3816821575
21.2046210766
20.8672270775
20.1946849823
19.4771389961
18.9294881821
18.6671900749
18.5099539757
18.1917901039
17.9171149731
17.6750519276
17.7497749329
17.6748387814
17.0752940178
16.8654429913
16.5739099979
16.6070449352
16.1850709915
16.0407469273
15.4843280315
15.8251399994
14.9309499264
15.1976180077
14.905531168
14.7482881546
14.4086961746
14.3912158012
13.9221711159
13.928164959
13.8983459473
14.0926260948
13.4789581299
13.7095680237
13.515748024
13.550483942
13.2844350338
13.2766191959
13.0957078934
13.0989239216
13.0491960049
13.0591931343
12.9657940865
12.9965929985
12.7841408253
12.7251119614
12.7645878792
12.5624299049
12.5695490837
12.3190710545
12.2632439137
12.298568964
11.9605960846
11.9976091385
11.8691749573
11.9832229614
11.8054089546
11.4950790405
11.7981939316
11.5850839615
11.1306269169
11.5484449863
11.4244379997
84.0489289761
71.7476379871
65.4181427956
53.406195879
50.5632441044
48.2555959225
48.3046159744
37.6611690521
37.1826450825
36.7820248604
36.52242589
34.7557752132
34.2135858536
33.7800958157
33.4568471909
31.8634829521
31.8069880009
31.4961249828
30.9170939922
30.7593410015
30.1953680515
30.1992590427
29.8510918617
29.3626608849
29.4824230671
28.5680570602
28.5899119377
27.685614109
26.3741588593
26.3479077816
25.8902728558
25.0202479362
24.7865509987
24.2671210766
24.0577027798
22.9554891586
21.9784629345
21.6237888336
21.2634320259
21.2404530048
20.9396731853
20.1768329144
19.5421340466
18.7888410091
18.4942860603
18.585693121
18.1285369396
18.0202147961
17.6448359489
17.7544100285
17.4669120312
17.3751869202
16.6965010166
16.6815559864
16.6961350441
15.9523169994
16.1104900837
15.5762519836
15.4821791649
15.2724218369
15.095949173
15.1803908348
14.596280098
14.4254870415
14.1566419601
14.1726071835
13.9687979221
13.9041938782
13.7139570713
13.5703778267
13.6083698273
13.6391649246
13.61637187
13.3937859535
13.0600280762
13.3205490112
12.9721870422
13.0737199783
12.9079771042
13.0858948231
12.8516070843
13.0015611649
12.7283160686
12.7976031303
12.4671118259
12.8018949032
12.2588860989
12.1802067757
12.1968090534
12.0941488743
11.7256669998
12.2422070503
11.6813180447
11.7926619053
11.7135210037
11.5574610233
11.3803770542
11.6159520149
11.2892858982
11.2789518833
83.9529709816
71.7745158672
65.4174590111
53.1554739475
50.5325348377
48.3759510517
48.3272178173
37.6521282196
37.1012811661
36.5499820709
36.5364201069
34.6983799934
34.4224081039
33.7252030373
33.4161281586
31.8499660492
31.7768759727
31.4897079468
30.9295151234
30.7901639938
30.0513739586
30.2212910652
29.9381020069
29.4007530212
29.2179601192
28.5346648693
28.6545488834
27.7961540222
26.6913599968
26.1947100163
25.9397039413
24.9338891506
24.77444911
24.3508090973
23.8538711071
23.11470294
21.9225749969
21.4663829803
21.3435769081
21.065600872
20.9370448589
20.1387741566
19.5429131985
18.9674220085
18.4849290848
18.4941580296
18.1895830631
17.8701300621
17.7802808285
17.5836720467
17.7044849396
17.2837791443
16.6562201977
16.6793789864
16.6071100235
16.1707789898
15.961635828
15.7157728672
15.6045191288
15.0381219387
15.3407788277
14.6406300068
14.8972530365
14.193477869
14.4454951286
14.1374790668
14.0581889153
13.7945349216
13.7011120319
13.793307066
13.5382211208
13.7172708511
13.3213469982
13.4085609913
13.251265049
13.0984578133
13.0648908615
13.0905168056
12.9817848206
13.1848418713
12.7857620716
12.8812599182
12.9065279961
12.4998588562
12.6741278172
12.6960449219
12.1587760448
12.3044960499
12.2042751312
11.9493801594
12.0919911861
11.9306108952
11.8566958904
11.6508030891
11.8629188538
11.4911339283
11.4714310169
11.4264929295
11.4695310593
11.1725649834
83.8964290619
71.8074090481
65.5339519978
53.3354420662
50.5906867981
48.322478056
48.0748710632
37.6566858292
37.1159629822
36.7014889717
36.4176220894
34.793667078
34.4172449112
33.8297140598
33.4692568779
31.7915689945
31.7516231537
31.4917991161
31.0727050304
30.6427030563
30.2038860321
30.0675427914
30.0895328522
29.2690048218
29.2705330849
28.682461977
28.4711568356
27.7870659828
26.5225908756
26.1153049469
25.8402080536
24.9574651718
24.7843170166
24.1763930321
24.0998458862
23.2261009216
21.67720294
21.5438449383
21.2576949596
21.3106000423
20.8565609455
19.9958920479
19.663711071
18.9632880688
18.4947459698
18.4734389782
18.2351539135
17.8681130409
17.7719559669
17.5869698524
17.8536629677
17.0066847801
16.9789190292
16.668129921
16.3989951611
16.2010681629
16.102617979
15.7227261066
15.3957440853
15.2118220329
15.0863149166
14.9972660542
14.812333107
14.177863121
14.4027040005
14.1877629757
13.9844207764
13.6954569817
13.7102570534
13.8034558296
13.5530529022
13.3245248795
13.6690599918
13.3657000065
13.2840340137
13.3052909374
12.987457037
13.0935089588
12.9722499847
12.9820559025
12.8913831711
12.9970188141
12.6873500347
12.7009809017
12.458217144
12.8050730228
12.2716529369
12.1688091755
12.1947491169
12.1701619625
11.9521760941
11.8079371452
12.0565350056
11.5700399876
11.7519900799
11.5504031181
11.5682070255
11.3597261906
11.508658886
11.1835260391
84.0263431072
71.717031002
65.5437078476
53.2336668968
50.6490080357
48.4419159889
48.3082170486
37.5198569298
37.0941801071
36.6485860348
36.7741658688
34.7472100258
34.2829420567
33.7631731033
33.5608901978
31.7704229355
31.7822198868
31.384073019
30.8715231419
30.7868850231
30.0492978096
30.1662209034
30.0382091999
29.2579739094
29.4383740425
28.5905230045
28.6613729
27.6872401237
26.4558320045
26.2754929066
25.8995718956
24.8831410408
24.9846119881
24.0731651783
23.9861178398
23.1658580303
21.871227026
21.489606142
21.2892661095
21.0605239868
20.9555871487
20.0254399776
19.6727898121
18.8670909405
18.3565020561
18.8087081909
18.0505850315
17.9309659004
17.7978899479
17.7776019573
17.5974199772
17.1980650425
16.6780610085
16.8310940266
16.4798901081
16.1167159081
16.0746219158
15.5513210297
15.4124550819
15.2668228149
15.0740959644
14.8109169006
14.9041309357
14.4817090034
14.1727609634
14.0803499222
14.0918669701
13.9117760658
13.686784029
13.5391330719
13.7183189392
13.5692670345
13.6692390442
13.2400119305
12.9370679855
13.5413398743
13.0724470615
13.0494098663
12.9310181141
12.9900419712
13.075854063
12.8907389641
12.5546360016
12.8445281982
12.6306929588
12.4336659908
12.2051389217
12.5645611286
12.0737419128
12.032186985
11.8324298859
12.0946679115
12.3258368969
11.6655352116
11.5702791214
11.4969751835
11.70291996
11.278897047
11.5071969032
11.1388580799
83.9347808361
71.7257230282
65.4904789925
53.390280962
50.6393589973
48.3511431217
48.1818790436
37.6544890404
37.0716218948
36.7682929039
36.4506971836
34.6384320259
34.2833719254
33.6761419773
33.5160000324
31.9676630497
31.73174119
31.4759750366
30.9826030731
30.8512399197
30.0930519104
30.1756870747
30.063824892
29.288465023
29.3976881504
28.5481450558
28.4678390026
27.7804758549
26.4700789452
26.1457090378
25.9002821445
24.9739370346
24.9722290039
23.8830659389
24.3298501968
23.2430100441
21.7309868336
21.5922889709
21.3756740093
21.129543066
20.9358010292
20.1085138321
19.5783851147
18.7569980621
18.5960609913
18.3697290421
18.358923912
17.9201140404
17.6011009216
17.8937540054
17.6310198307
17.1603708267
16.7328391075
16.6296319962
16.6613221169
16.1704192162
15.9768440723
15.3894760609
15.5750899315
15.3494958878
15.1662969589
15.0044620037
14.6284251213
14.4391520023
14.1212730408
14.2152309418
14.0725319386
13.8049139977
13.7651889324
13.5577380657
13.6871740818
13.4030799866
13.8024311066
13.3070161343
12.9742071629
13.3584618568
12.9943490028
12.8805589676
13.2996590137
12.9823801517
12.9034180641
12.8744499683
12.8832879066
12.7789819241
12.4010350704
12.8330330849
12.2303369045
12.1819410324
12.0922980309
12.0976169109
12.0893831253
11.840982914
11.9423201084
11.8063309193
11.4610760212
11.855905056
11.36490798
11.3602030277
11.2716741562
11.3867988586
