Experiment Results
87.6074419022
71.1577739716
65.3027889729
53.1521120071
50.5785169601
48.2807919979
48.2301430702
37.2727048397
37.3885490894
36.5558931828
36.2575700283
34.7879719734
34.3486599922
33.7562298775
33.4130868912
31.9313180447
31.4998939037
31.6882109642
30.8700299263
30.680850029
30.1838870049
30.0828900337
30.0331258774
29.2591159344
29.4778342247
28.4021651745
28.5828659534
27.7566258907
26.3859019279
26.1753928661
26.0951581001
24.8948209286
25.0104758739
23.93105793
24.1472740173
23.0886869431
21.7711529732
21.4987959862
21.5900418758
21.0688781738
21.1638178825
19.9491429329
19.678951025
18.6005609035
18.4889540672
18.492524147
18.2901620865
17.9849698544
17.5617210865
17.9108259678
17.5490629673
17.208701849
16.8712301254
16.9122521877
16.160048008
16.5422108173
15.9485108852
15.5355739594
15.7141399384
15.1170899868
15.1779589653
14.989153862
14.6686518192
14.3886780739
14.3645541668
14.0633308887
13.9314351082
13.9635570049
13.7814338207
13.4642529488
13.8307421207
13.3449020386
13.6702640057
13.367825985
13.0230898857
13.3673820496
13.14351511
12.9404289722
12.9505178928
13.1680669785
12.8893110752
12.9916470051
12.6867280006
12.8057200909
12.4826288223
12.5805130005
12.4054718018
12.2776818275
12.0073759556
12.1516981125
12.0880260468
12.0028657913
11.986207962
11.4973320961
11.5145480633
11.868516922
11.4516730309
11.2864820957
11.7431259155
11.2782359123
83.5015809536
71.7139110565
65.1233198643
52.9413080215
50.5842168331
48.2383348942
48.3801751137
37.4634160995
37.1337890625
36.6898639202
36.3740260601
34.7757790089
34.1644859314
33.7081680298
33.3584051132
31.9750080109
31.7807281017
31.4576051235
30.9560909271
30.7875239849
29.9913110733
30.266974926
29.653247118
29.2802948952
29.4776058197
28.6991629601
28.56854105
27.6653189659
26.4653069973
26.2485780716
25.8374860287
24.8699820042
24.8862638474
24.252655983
23.9061508179
23.2574620247
21.8589799404
21.5448470116
21.2348268032
21.0220968723
21.0448150635
20.0318410397
19.8428339958
18.5875930786
18.6859238148
18.5815460682
18.0399570465
18.0957210064
17.7285690308
17.5836708546
17.564825058
17.4533238411
16.8128671646
16.5770609379
16.6027779579
16.0677909851
16.3596870899
15.3220992088
15.6659719944
15.1782670021
15.213613987
14.654471159
14.9279270172
14.3817420006
14.3561339378
13.9192709923
14.3382799625
13.7502770424
13.7296140194
13.6849899292
13.504062891
13.6911361217
13.2826588154
13.5757517815
13.2116680145
13.098772049
13.4413440228
12.8446409702
12.9769980907
13.0660879612
12.907793045
12.7801089287
12.8734469414
12.7052180767
12.6812601089
12.5966370106
12.2751870155
12.3834929466
12.072165966
12.0976371765
12.2718598843
11.7713928223
11.9218039513
11.7608680725
11.5169730186
11.802740097
11.4023900032
11.4624040127
11.3802449703
11.4224200249
83.7384819984
71.42771101
65.1381981373
53.3532421589
50.1635949612
48.3818500042
48.240735054
37.4728689194
37.0772480965
36.7308590412
36.512472868
34.4849791527
34.4623699188
33.5655491352
33.468118906
31.9958181381
31.8530519009
31.2205970287
30.9946041107
30.7061619759
30.1017808914
30.0277309418
30.0796740055
29.4426271915
29.3232541084
28.5682241917
28.6710989475
27.7585268021
26.2107279301
26.3865418434
25.8445920944
24.8028070927
24.9443101883
24.3905758858
23.7040789127
23.3750231266
21.7584059238
21.7857320309
20.9816949368
21.0722858906
21.0997309685
20.0802609921
19.4745941162
19.002641201
18.5595691204
18.6584918499
18.0127699375
18.0510220528
17.5332109928
17.9631860256
17.5777659416
17.27394104
16.7124872208
16.6534559727
16.6550660133
16.1351599693
15.9438540936
15.7128939629
15.3979380131
15.1882379055
15.3784220219
14.8735890388
14.69333601
14.289550066
14.337980032
14.2087619305
13.8774571419
14.0086138248
13.9785439968
13.4731860161
13.6702458858
13.6199450493
13.5560429096
13.2867269516
13.1089160442
13.2615439892
13.0220549107
13.1556107998
12.9488148689
13.1519510746
12.974878788
12.7231800556
12.772413969
12.8003919125
12.5919179916
12.6772270203
12.249060154
12.2237861156
12.0849099159
12.1948840618
11.952229023
12.0098109245
11.8957288265
11.7083580494
11.7557449341
11.616727829
11.3806359768
11.6353089809
11.4189031124
11.2147128582
83.7364377975
71.4844200611
65.1876959801
53.3990259171
50.2552258968
48.1212050915
48.0635201931
37.6328117847
37.1825730801
36.7678530216
36.4481441975
34.5951871872
34.4921879768
33.4540569782
33.5893719196
31.6487929821
31.7856478691
31.6597518921
30.8611528873
30.6051039696
30.1688158512
30.1655089855
29.9809389114
29.5765049458
29.0562951565
28.6924948692
28.744312048
27.6068708897
26.2874259949
26.3619270325
26.0870950222
24.7799658775
24.9430949688
24.1934249401
23.9825201035
23.0375871658
21.8330020905
21.4696638584
21.4652497768
21.1703269482
20.9434661865
19.9207630157
19.6817531586
18.9831829071
18.398758173
18.5844869614
18.266201973
17.7762341499
17.8160209656
17.7596650124
17.4836878777
17.3927259445
16.6618061066
16.6065630913
16.7454349995
16.2700400352
15.8062860966
15.6973409653
15.6161241531
15.2706830502
15.1101360321
14.8705539703
14.9788429737
14.184527874
14.2734589577
13.9854469299
14.201059103
13.927257061
13.6603078842
13.8581240177
13.4941680431
13.4925279617
13.4172558784
13.4713380337
13.2802529335
13.1652140617
13.1285891533
12.944216013
13.2013008595
13.0286929607
12.876401186
12.8812379837
12.7926330566
12.6011109352
12.7072348595
12.7328798771
12.0950708389
12.5593240261
11.8260819912
12.475716114
11.9006659985
11.9663228989
11.644644022
11.722422123
11.6607000828
11.6008160114
11.3726840019
11.7835161686
11.2683639526
11.3888640404
83.9004170895
71.2514050007
65.3094899654
53.0969548225
50.3296239376
48.4364740849
48.0117349625
37.8248078823
37.0188939571
36.5500710011
36.3825058937
34.831496954
34.1922299862
33.7698099613
33.3996090889
31.9330580235
31.6885318756
31.4779901505
30.8853349686
30.7624118328
30.1694068909
29.9902050495
30.0326659679
29.4695339203
29.2941379547
28.6948158741
28.2419137955
27.6872961521
26.5377750397
26.1910779476
25.900097847
25.066257
24.8593740463
24.0155699253
24.0576028824
23.105394125
22.0553438663
21.297659874
21.6280539036
20.8238730431
20.9934468269
20.166041851
19.5905740261
18.8865189552
18.6151931286
18.6376490593
18.0968980789
18.0897190571
17.5655908585
17.7727479935
17.5884969234
17.2751860619
16.6103768349
16.9827430248
16.2627849579
16.2960758209
16.1894230843
15.3862390518
15.6896328926
15.0631730556
15.0634489059
15.2120809555
14.6665759087
14.1572749615
14.4106299877
14.0133960247
14.1895480156
13.6898272038
13.9848148823
13.5892591476
13.6009290218
13.6111240387
13.7271809578
13.4027760029
13.1827740669
12.995704174
13.0941040516
13.097039938
13.1795229912
13.0173711777
12.8556320667
12.7823069096
12.9243459702
12.574461937
12.5335459709
12.511729002
12.5083680153
12.3975329399
11.9381301403
12.17506814
11.9265141487
11.9058520794
11.9517469406
11.6998250484
11.7607309818
11.3940770626
11.5968630314
11.6012461185
11.1834020615
11.5591709614
83.5217540264
71.7212400436
65.3031749725
52.790268898
50.5546650887
48.2538809776
48.2523598671
37.5670828819
36.9912970066
36.6648330688
36.524543047
34.5914018154
34.4004740715
33.8453559875
33.5794301033
31.6573848724
31.5864200592
31.5733990669
30.8834788799
30.7758760452
30.2729709148
29.9401431084
29.9095089436
29.5387358665
29.4036090374
28.4411590099
28.4052138329
27.789041996
26.6335611343
26.3082449436
25.6779031754
24.9669370651
24.9682281017
24.1040000916
24.053524971
23.1064748764
21.8342130184
21.3460700512
21.7630181313
20.7676320076
20.9765908718
20.0843100548
19.7757639885
18.6862850189
18.6991479397
18.676872015
18.1773848534
17.557682991
17.6947541237
17.8447129726
17.7111611366
17.2671837807
16.8720359802
16.5050840378
16.4979200363
16.2249019146
16.0049350262
15.6299090385
15.8761940002
15.0505590439
15.1215829849
15.0784599781
14.567401886
14.2981381416
14.1876189709
14.1804029942
14.0901758671
13.9943890572
13.7794010639
13.6862800121
13.602946043
13.470870018
13.6728599072
13.3220610619
12.9613029957
13.3773300648
13.2150859833
12.7934451103
13.294178009
12.8863279819
12.8638401031
12.9697220325
12.7695300579
12.6259949207
12.5808980465
12.7770109177
12.4201738834
12.0851330757
12.0841958523
12.1827259064
11.9232430458
11.960256815
12.1057910919
11.9352891445
11.5859048367
11.5313611031
11.4567301273
11.4083621502
11.4665019512
11.3398959637
