Experiment Results
4.30454587936
0.794675111771
0.814697027206
0.843253850937
0.825123071671
0.90426492691
0.872961044312
0.804322004318
0.869331121445
0.890218019485
0.865099906921
0.954168796539
0.88601398468
0.87202000618
0.868832111359
0.864471912384
0.890647888184
0.899103879929
1.11055088043
0.875059127808
0.875052928925
1.04355692863
0.858018875122
0.888836860657
0.903987884521
0.878650903702
0.896296024323
1.05453586578
0.88449716568
1.05825805664
1.06855893135
0.910474061966
0.911889076233
0.889961957932
0.877115011215
0.974678039551
0.919561862946
0.906793117523
0.861966133118
0.884097099304
0.797936916351
0.777926921844
0.815540075302
0.805647850037
0.800383090973
0.763284921646
0.808657169342
0.747463941574
0.748835086823
0.769803762436
0.939810991287
0.812747955322
0.777712106705
0.81973695755
0.901290178299
1.102850914
0.898540973663
0.919285058975
0.854587078094
0.812220096588
0.796473026276
0.874204874039
0.751952171326
0.748257875443
0.749804019928
0.936885118484
0.836230039597
0.848726987839
0.843221902847
0.874256849289
0.817254066467
0.889674901962
0.74826002121
0.778810977936
0.775573968887
0.907620191574
0.936578035355
0.80389714241
0.816126823425
0.859053134918
0.843191862106
0.853910923004
0.840245962143
0.834244966507
0.853085041046
0.808487892151
0.75083899498
0.787292003632
0.878360033035
0.845655918121
0.786420106888
0.813546895981
0.842062950134
0.914803028107
0.920560836792
0.820945978165
0.827342987061
0.855435848236
0.827569007874
0.766925096512
0.785771131516
0.912760972977
0.807176113129
0.774059057236
0.884394884109
0.863186120987
0.83109498024
0.813431978226
0.915534973145
0.870080947876
0.839007854462
0.847766160965
0.76335310936
0.849436998367
0.857701063156
0.894906997681
0.772272825241
0.761346101761
0.82786488533
0.775434017181
0.831492185593
0.838174104691
0.761841058731
0.824932098389
0.75886297226
0.804131984711
0.842391967773
0.844810962677
0.860821962357
0.778813123703
0.779386997223
0.813725948334
0.806638002396
0.761205911636
0.841023921967
0.825338840485
0.746184110641
0.802788972855
0.761877059937
0.939932107925
0.818908929825
0.810904979706
0.906019926071
0.885843038559
0.906097888947
0.787047863007
0.817878007889
0.805979967117
0.799499988556
0.889395952225
0.862927913666
0.739897966385
0.785586118698
0.877668142319
0.748261928558
0.779850959778
0.813435077667
0.82600402832
0.823859930038
0.812376022339
0.808584928513
0.779872894287
0.804175138474
0.769033908844
0.776332855225
0.827482938766
0.815815925598
0.858199119568
0.767364025116
0.825309038162
0.784182071686
0.77302312851
0.781992912292
0.88620018959
0.825610876083
0.828127861023
0.919565916061
0.919851064682
0.875480890274
0.820457935333
0.822195053101
0.866379022598
0.82755279541
0.849452018738
0.753576993942
0.788386821747
0.880173921585
0.899749994278
0.895500898361
0.8668820858
0.803416967392
0.811733961105
0.85466504097
0.819826841354
0.822433948517
0.8324239254
0.747087001801
0.767184972763
0.850933074951
0.764364957809
0.832966804504
0.750101089478
0.774216890335
0.930036067963
0.856661081314
0.815482854843
0.794028043747
0.795096158981
0.859034776688
0.817550182343
0.752897024155
0.763740062714
0.81342291832
0.804404020309
0.91085100174
0.793102025986
0.806552886963
0.789530038834
0.973257064819
0.900320053101
0.818795919418
0.796224832535
0.842390775681
0.748812198639
0.816868066788
0.833702087402
2.36315608025
0.756172180176
0.84973692894
0.808101892471
0.747173070908
0.745509147644
0.822175979614
0.775547027588
0.75860118866
0.798237085342
0.742375135422
0.757891893387
0.798393964767
0.788187980652
0.742509841919
0.750947952271
0.897793054581
0.799440860748
0.751934051514
0.838353157043
0.814172029495
0.795792102814
0.850514173508
0.852492809296
0.827780008316
0.771577119827
0.743226051331
0.854612112045
0.850569963455
0.839097976685
0.745146036148
0.831720113754
0.804031133652
0.80748295784
0.734889030457
0.769828081131
0.791095018387
0.798316001892
0.780369997025
0.751979112625
0.799525022507
0.744177103043
0.820343971252
0.805958986282
0.806452035904
0.836853027344
0.790933847427
0.746356010437
0.770765066147
0.836318016052
0.752249956131
0.75862288475
0.821314096451
0.742770910263
0.758287906647
0.734643936157
0.803863048553
0.753746986389
0.800117015839
0.746244192123
0.755392074585
0.813765048981
0.882758140564
0.927098989487
0.862567901611
0.751267194748
0.818994998932
0.81449508667
0.760540962219
0.761232852936
0.80289888382
0.860667943954
0.867102861404
0.79832816124
0.73521399498
0.795731782913
0.813305139542
0.866375923157
0.802247047424
0.745538949966
0.927114963531
0.786942005157
1.04429221153
0.793123006821
0.740344047546
0.736787080765
0.739575862885
0.770714044571
0.748139858246
0.812825918198
0.812479019165
0.826462030411
0.847065925598
0.825642108917
0.742163181305
0.768033027649
0.741470098495
0.802026987076
0.832623004913
0.770071029663
0.773797035217
0.789831876755
0.801254034042
0.753400087357
0.796792030334
0.75382900238
0.766762018204
0.740068912506
0.883265972137
0.845972061157
0.902436971664
0.947195053101
0.864553928375
0.797256946564
0.749206066132
0.820118904114
0.800588846207
0.892287015915
0.80369591713
0.752504825592
0.847429990768
0.808695077896
0.742256164551
0.790344953537
0.811586141586
0.924295186996
0.796015024185
0.838326931
0.804328203201
0.745043039322
0.840977907181
0.790482997894
0.749404907227
0.803018093109
0.772264957428
0.855762958527
0.811369895935
0.75048494339
0.808540821075
0.803347110748
0.80730009079
0.806943893433
0.814376115799
0.738597869873
0.753853082657
0.776417970657
0.856172800064
0.855143070221
0.787154912949
0.793987989426
0.801414966583
0.835883140564
0.80735206604
0.828487157822
0.842437028885
0.809236049652
0.744891881943
0.752227067947
0.736153841019
0.842853069305
0.814253091812
0.753561973572
0.810426950455
0.803431987762
0.776138067245
0.743965864182
0.814848184586
0.835704088211
0.802427053452
0.852605819702
0.823415994644
0.757648944855
0.740027189255
0.761674165726
0.919078111649
0.814502954483
0.972486019135
0.759654998779
0.849305868149
0.834485054016
0.747018098831
0.812236070633
0.811007976532
0.748914957047
0.87325501442
0.797054052353
0.851900100708
0.789985179901
0.798224925995
0.917617082596
0.843353033066
0.797363996506
0.819231033325
0.812377214432
0.767412900925
0.738379955292
0.759564876556
0.745654821396
0.855165958405
0.796799898148
0.75404715538
0.825651884079
0.778267860413
0.811761140823
0.81796503067
0.799988985062
0.750143051147
0.851268053055
0.804137945175
0.751086950302
0.830599069595
0.810902118683
0.800887823105
0.75106716156
0.904158115387
0.769935131073
0.786545038223
0.865135908127
0.962485074997
0.782217025757
0.801927089691
0.828029155731
0.816749095917
0.736583948135
0.814357042313
0.843645811081
0.841583013535
0.745303869247
0.845512866974
0.793967962265
0.751913070679
0.891520023346
0.753309965134
0.81755900383
0.736254930496
0.784158945084
0.806607961655
0.84287405014
0.824433803558
0.846783876419
0.881195068359
0.79491186142
0.798233985901
0.748625040054
0.80636882782
0.818732023239
0.803690195084
0.861753940582
0.828655004501
0.80023598671
0.751760959625
0.796872854233
0.768846988678
0.735900163651
0.741633176804
0.727658987045
0.796970844269
0.773384094238
0.729590892792
0.896795034409
0.83790397644
0.746734142303
0.836184978485
0.904960155487
0.749233007431
0.766475915909
0.743916988373
0.739780902863
0.795391082764
0.781023979187
0.847677946091
0.752262830734
0.827350139618
0.822605133057
0.805865049362
0.88005900383
0.748973846436
0.798756122589
0.819292068481
0.896926879883
0.795207977295
0.805867910385
0.74641084671
0.848724842072
0.859076023102
0.823794126511
0.765201091766
0.883467197418
0.739538192749
0.748854875565
0.7344789505
0.757960796356
0.796586990356
0.800565004349
0.800587892532
0.966811180115
0.794854879379
0.765784978867
0.839922904968
0.817228078842
0.839761972427
0.910165071487
0.870630979538
0.835307121277
0.800270080566
0.738685131073
0.886342048645
0.832753896713
0.743775844574
0.764841794968
0.756706953049
0.854493141174
0.744956016541
0.763266086578
0.817265987396
0.795452833176
0.830301046371
0.767621040344
0.819410800934
0.856437921524
0.739821195602
0.773720026016
0.779345989227
0.743711948395
0.742431879044
0.791126966476
0.781228065491
0.807427167892
0.739622116089
0.756806135178
0.800981998444
0.738285064697
0.770163059235
0.754372835159
0.948241949081
0.931648015976
0.821707010269
0.761628866196
0.866214990616
0.950932025909
0.862050056458
0.915189027786
0.801312923431
0.75988483429
0.815308094025
0.757756948471
0.75870513916
0.738850831985
0.890557765961
0.897983074188
0.782757997513
0.825937986374
0.758558988571
0.746687889099
0.772691965103
0.783842086792
0.811843156815
0.756083965302
0.908451080322
0.849956989288
0.85060095787
0.818726062775
0.822530031204
0.776702165604
0.808730840683
0.81808590889
0.8098051548
0.810793876648
0.807296037674
0.817109107971
0.728162050247
0.760095119476
0.742908000946
0.831883907318
