Experiment Results
87.452283144
71.3555231094
65.4132711887
53.0285949707
50.3737449646
48.1665489674
48.2776560783
37.3647830486
37.3569989204
36.4679689407
36.4614238739
34.8738679886
34.1706609726
33.6724898815
33.3735630512
32.0773739815
31.5601661205
31.5457229614
30.8783969879
30.811948061
30.076310873
30.0775728226
29.8701181412
29.6709859371
29.1923539639
28.5377810001
28.6012108326
27.7533271313
26.3005459309
26.5896670818
25.7660598755
24.7766771317
24.8264758587
24.2545921803
24.1414759159
23.0178210735
21.9497458935
21.3390128613
21.5579819679
21.054008007
21.0891749859
19.9742929935
19.6898779869
18.6819589138
18.5751791
18.6836929321
18.2746891975
17.8864099979
17.6891088486
17.5774319172
17.7930779457
17.2770309448
16.6981070042
16.8056349754
16.3695089817
16.1516489983
15.9049460888
15.8543660641
15.3069040775
15.3935389519
15.1553080082
14.8136000633
14.7221090794
14.4416179657
14.3877398968
14.2029981613
13.8830718994
13.8935289383
13.8606619835
13.7900381088
13.5865309238
13.3709101677
13.5890758038
13.1309781075
13.3629939556
13.0937690735
13.1529610157
13.1207368374
13.1930129528
12.9940578938
12.8778760433
12.892018795
12.786055088
12.575496912
12.6582028866
12.5512738228
12.3757100105
12.1687610149
12.2449598312
12.224905014
11.7932322025
11.9678709507
12.1728479862
11.7103428841
11.6104860306
11.4701700211
11.6098680496
11.4704909325
11.3699100018
11.3862290382
83.6476800442
71.564868927
65.217386961
52.9419250488
50.4631299973
48.6429200172
48.0157811642
37.7177290916
37.0549461842
36.6530349255
36.1745560169
34.7743961811
34.3312761784
33.6185340881
33.5401780605
31.856815815
31.6893811226
31.3903570175
30.9843709469
30.8435599804
29.8942818642
30.3506000042
29.7809009552
29.4295217991
29.3463599682
28.7758860588
28.4745030403
27.4539499283
26.6680519581
26.1833918095
25.9816792011
24.786329031
25.0453441143
23.9879229069
23.8602561951
23.2780609131
21.9062139988
21.4524250031
21.3843431473
21.0622279644
21.1099550724
19.875483036
19.6722350121
18.7941157818
18.7705080509
18.378636837
18.1968891621
18.0877439976
17.5663869381
17.6761350632
17.6010489464
17.2772870064
16.8736851215
16.6120669842
16.6658990383
16.160241127
15.9898650646
15.420979023
15.8780088425
15.2820880413
14.9822399616
14.9643039703
14.6262590885
14.307500124
14.2146699429
14.0576078892
14.2158339024
13.8928551674
13.7543339729
13.5207099915
13.4927010536
13.5106818676
13.7644121647
13.4828500748
12.9923250675
13.1830999851
13.1873888969
12.9175741673
13.0863609314
13.0504601002
13.1881000996
12.684679985
12.7465929985
12.5363359451
12.7750251293
12.6826190948
12.4009537697
12.1826689243
12.2818028927
11.9273171425
11.9641909599
11.9950518608
11.7901129723
11.6811981201
11.5994520187
11.9829950333
11.3796439171
11.588709116
11.3169031143
11.1734838486
83.7976021767
71.5080499649
65.3367400169
53.0662248135
50.2494161129
48.2631001472
48.2604398727
37.4495592117
37.3816070557
36.6599988937
36.3960068226
34.5619628429
34.2221810818
33.8258230686
33.3260068893
31.8922250271
31.6711239815
31.5473740101
30.8765799999
30.7039721012
30.1504449844
30.2780508995
29.7589809895
29.5882399082
29.3314797878
28.691092968
28.1821410656
27.7415418625
26.4061279297
26.3836798668
25.8818860054
24.9843511581
24.6770730019
24.3740770817
23.9512097836
23.1057021618
21.7108650208
21.8447349072
21.0993680954
21.2640349865
20.9120399952
20.2396440506
19.1981720924
18.9710409641
18.7964951992
18.2836270332
18.380658865
17.9930789471
17.5709540844
17.79241395
17.6511471272
16.9364979267
16.7452628613
16.9673929214
16.4039700031
16.2600569725
15.9902250767
15.5919380188
15.778897047
15.0927901268
15.0758490562
14.7997369766
14.9701259136
14.3892908096
14.2003018856
13.9891300201
14.1679999828
13.9816148281
13.4907929897
13.8667089939
13.4128391743
13.5705189705
13.6870219707
13.0858972073
13.4727528095
13.2822508812
12.9367480278
13.1670291424
13.1752939224
12.894423008
12.8924369812
12.9841899872
12.7728638649
12.59384799
12.3980460167
12.6901099682
12.5760388374
12.1000730991
12.0968198776
12.0836791992
11.913697958
12.1690490246
11.7664330006
11.7880928516
11.7035579681
11.6791000366
11.2930169106
11.6276669502
11.3471429348
11.3126149178
83.8906149864
71.3089060783
65.261690855
53.0408620834
50.5481190681
48.3661959171
47.9575710297
37.6577420235
37.1698138714
36.6067709923
36.3619201183
35.0697338581
33.9650959969
33.796599865
33.4090390205
31.9690630436
31.8095040321
31.4585158825
30.6967499256
30.9686181545
30.0608041286
30.2672610283
29.7727870941
29.2805240154
29.4823999405
28.4698519707
28.370374918
27.7502720356
26.7589790821
26.0167069435
26.0812060833
24.5912981033
25.0621099472
24.1879529953
23.8716671467
23.3827819824
21.6683659554
21.5918500423
21.3794648647
21.0937929153
20.8698270321
20.1006650925
19.5796749592
18.7960801125
18.6524469852
18.6904070377
18.1715910435
17.6883678436
17.8803119659
17.8885560036
17.5988628864
16.9744880199
16.9835748672
16.6612160206
16.3158199787
16.2896201611
16.2658708096
15.5901250839
15.6798360348
14.9514770508
15.4005198479
14.6736910343
14.7732849121
14.1046850681
14.5863990784
14.1992480755
13.9787299633
13.6800448895
13.7823541164
13.983932972
13.5036439896
13.4762670994
13.5836839676
13.2717688084
13.0997209549
13.4225270748
13.0547740459
12.8972280025
13.0895957947
13.0840990543
12.8787209988
12.999614954
12.578879118
12.5808310509
12.7131509781
12.870306015
12.1018521786
12.41497612
12.1620819569
11.9823350906
11.8858339787
11.9509100914
12.1447799206
11.5582489967
11.6888928413
11.3893740177
11.6592240334
11.6286921501
11.2836799622
11.3851220608
83.8058409691
71.361125946
65.3493800163
53.0443820953
50.6608240604
48.3377230167
47.8354098797
37.759524107
37.1950850487
36.4973108768
36.5740408897
34.6638588905
34.3614399433
33.4696748257
33.4415249825
31.8998680115
31.7693550587
31.6645531654
30.6954519749
30.6316020489
30.1205649376
30.2648220062
29.973662138
29.3643610477
29.3929560184
28.369248867
28.5604090691
27.9863679409
26.148375988
26.4379968643
25.85247612
25.0811450481
24.7799549103
24.0807709694
23.9314420223
23.3237259388
21.7865641117
21.3816719055
21.2796800137
20.9723789692
21.2818770409
20.0880069733
19.6763629913
18.8688380718
18.4933509827
18.4773030281
18.1799278259
17.8931610584
17.6921958923
17.7591621876
17.4980700016
17.3752670288
16.790060997
16.4926321507
16.6640360355
16.2758409977
16.2042918205
15.4809780121
15.2984280586
15.3247568607
15.321023941
14.9101610184
14.5857729912
14.4826760292
14.0873861313
14.270526886
14.0965249538
13.8885850906
13.789867878
13.4796290398
13.5908219814
13.6819779873
13.3754339218
13.2984220982
13.0693259239
13.4391109943
13.2594380379
12.6922430992
13.2750499249
12.9846360683
12.7969710827
13.0202040672
12.9796659946
12.4872808456
12.5901510715
12.5665609837
12.4816029072
12.0061910152
12.3976562023
11.8760631084
11.9706819057
11.9797871113
12.1053040028
11.6055870056
11.7287340164
11.6395659447
11.2950429916
11.5725309849
11.3520698547
11.296271801
83.6162259579
71.7085151672
65.1346690655
53.0526390076
50.5681910515
48.3012421131
48.2130701542
37.4702689648
37.2346601486
36.3781609535
36.5824098587
34.7667150497
34.2804279327
33.5825619698
33.3913500309
31.9454810619
31.8729569912
31.5385360718
30.8004059792
30.5722999573
30.0676541328
30.3688428402
29.7766420841
29.3731939793
29.5950639248
28.5852169991
28.5551211834
27.2987699509
26.6685550213
26.2744560242
25.8704950809
24.8811130524
25.0790550709
23.9733459949
24.0800130367
23.2759959698
21.5957391262
21.6818959713
21.2722349167
20.9807090759
21.2623178959
19.780618906
19.7565028667
18.7732539177
18.6100409031
18.3782851696
18.2993049622
18.1685569286
17.4885389805
17.7853240967
17.5474550724
17.3087899685
16.5879950523
16.7782740593
16.5871109962
16.0817129612
16.1892359257
15.6867389679
15.3921329975
15.2840538025
15.0594439507
14.9050729275
14.8629498482
14.0921649933
14.6836779118
13.7936351299
14.2743499279
13.8956480026
13.6863789558
13.7077999115
13.5266680717
13.5898959637
13.2972490788
13.5838170052
13.2777249813
13.1010689735
13.0766949654
13.0799610615
12.9026761055
13.0855488777
13.0905630589
12.6875488758
12.9000160694
12.7631931305
12.5015568733
12.577244997
12.3381240368
12.2366518974
12.2072179317
11.9107918739
12.0644140244
12.1690189838
11.7961120605
11.7776789665
11.4079899788
11.7652239799
11.5062689781
11.2771911621
11.6920778751
11.0685708523
