Experiment Results
87.7661731243
71.6641938686
65.4856069088
53.0710089207
50.6283979416
48.3047890663
48.2228579521
37.4747681618
37.2204248905
36.7158191204
36.393445015
34.8212611675
34.0709562302
33.7147810459
33.7943909168
31.7621560097
31.7071321011
31.3618719578
30.7946829796
30.9015059471
30.0761291981
30.2262098789
30.0667090416
29.3221230507
29.0378382206
28.7777240276
28.7305231094
27.568021059
26.3804888725
26.4413900375
25.9381401539
24.8159530163
24.8006761074
24.4525289536
23.9091279507
22.9671010971
21.7361540794
21.6067881584
21.4712779522
21.0060579777
20.966301918
20.1238570213
19.7162020206
18.6597390175
18.5651769638
18.4898500443
18.2147138119
17.8632051945
17.5809249878
17.8187379837
17.7645530701
17.1699299812
16.7735488415
16.8308889866
16.321751833
16.4405720234
15.9119851589
15.52592206
15.5260808468
15.1898829937
15.1458849907
14.926251173
14.8047611713
14.4528641701
14.0241479874
14.14529109
14.0246729851
14.1362321377
13.625535965
13.6596770287
13.4864079952
13.5347549915
13.4576649666
13.3766069412
13.1662921906
13.3722529411
12.8931670189
13.2728061676
12.9740600586
13.1020929813
12.9580049515
12.7045650482
12.7386801243
12.8254630566
12.5894758701
12.4617359638
12.341520071
12.299808979
12.0388870239
12.0247340202
11.9974541664
11.9524240494
11.9144620895
11.7228181362
11.7542250156
11.7550330162
11.3652300835
11.4470050335
11.3765001297
11.3757629395
83.8552951813
71.697232008
65.2597231865
53.3158230782
50.5180761814
48.2741999626
48.0727219582
37.620456934
37.1107521057
36.7006571293
36.3656380177
34.8499591351
34.1531989574
33.67750597
33.5102090836
31.8558740616
31.6786220074
31.6524870396
30.9132051468
30.7035541534
30.5875630379
30.1791439056
30.0523469448
29.2919969559
29.2680158615
28.5764131546
28.5609281063
27.8112268448
26.3781950474
26.2015578747
25.9430639744
24.7593770027
24.7844200134
24.1716659069
24.091381073
23.1748950481
21.6821811199
21.6545379162
21.2972810268
21.1338908672
21.0822768211
20.0552279949
19.4245669842
18.9690349102
18.3039669991
18.6545858383
18.1790349483
17.9723711014
17.6497960091
17.9115161896
17.5128610134
17.3309540749
16.7919521332
16.6543819904
16.5284678936
16.0879089832
16.0772390366
15.8012080193
15.2913320065
15.1647851467
15.1757111549
14.8075108528
14.9749829769
14.2161710262
14.2728230953
14.1543631554
14.193849802
13.5642290115
13.8521618843
13.7262239456
13.5641219616
13.5962700844
13.6336300373
13.0506489277
13.4070630074
13.3592889309
12.9237949848
13.1720519066
12.8174729347
13.1269130707
12.8268311024
13.0034580231
12.8740119934
12.4274258614
12.8423218727
12.6626839638
12.1140561104
12.2243361473
12.1019029617
12.2950689793
11.7936518192
11.958564043
12.0149080753
11.6981408596
11.5923538208
11.6404850483
11.5034589767
11.500674963
11.2284519672
11.2902028561
83.9535300732
71.7201139927
65.4616851807
53.1791400909
50.5493340492
48.2602479458
48.262750864
37.6248021126
36.9733941555
36.8774559498
36.5254049301
34.5039508343
34.4101760387
33.7108299732
33.4539089203
31.700906992
31.9483568668
31.3167378902
31.0608451366
30.7273769379
30.0851490498
29.9307169914
30.205632925
29.4436788559
29.2242190838
28.5522010326
28.597028017
27.6447370052
26.3808310032
26.2616660595
26.0347337723
24.8089568615
24.8872680664
24.1553330421
23.8722398281
23.5076189041
21.5878579617
21.4752428532
21.4571728706
21.2044699192
20.8057248592
20.3826639652
19.459815979
18.6895461082
18.703275919
18.5334250927
18.1315379143
18.0226531029
17.6303169727
17.9560248852
17.6097359657
17.1439490318
16.6697669029
16.6993670464
16.6109690666
16.0650341511
16.0816099644
15.5038909912
15.7646450996
15.0041658878
15.2718720436
14.6783370972
15.0460579395
14.1215391159
14.4389908314
14.2967598438
13.8328809738
14.1027929783
13.6704511642
13.7579569817
13.4177598953
13.5464069843
13.4732089043
13.4611330032
13.0533881187
13.2075378895
13.083370924
13.1244690418
13.1483108997
12.7333831787
13.4059510231
12.6176979542
12.674366951
12.7648169994
12.7668378353
12.6089260578
12.2307698727
12.3329110146
11.8430001736
12.1917741299
11.8976361752
12.0193209648
11.7654500008
11.7072739601
11.7557959557
11.6653270721
11.3143901825
11.4902129173
11.5059859753
11.3232438564
83.9873609543
71.6222310066
65.5182569027
53.4477410316
50.3533091545
48.3994681835
48.1436989307
37.7542347908
37.0613598824
36.6718001366
36.2565629482
34.9445419312
34.1296601295
33.7691869736
33.4276878834
31.8950331211
31.5584440231
31.7946920395
30.9502410889
30.7519421577
30.0926640034
30.0721549988
30.052767992
29.4904949665
29.2724900246
28.4896569252
28.555232048
27.6694369316
26.4785678387
26.1884899139
25.9598760605
25.0175921917
24.6684751511
24.2770280838
23.8447160721
23.29251194
21.9493961334
21.3093788624
21.4059348106
20.9166409969
21.2291538715
20.0555679798
19.6045439243
18.7328021526
18.4728810787
18.5159139633
18.2479820251
18.0225942135
17.6415519714
17.8638169765
17.4349880219
17.262139082
16.7307469845
16.7992990017
16.3416290283
16.4826829433
15.8674380779
15.6968648434
15.6086790562
14.9587979317
15.294314146
14.6979959011
14.9080040455
14.3497819901
14.3558180332
13.9200470448
14.0994699001
13.9343280792
13.8926270008
13.5108549595
13.4868979454
13.5712170601
13.5183320045
13.2664661407
13.3989779949
13.2039189339
13.0122041702
13.1812241077
12.8051168919
13.2095890045
12.9160621166
12.9561100006
12.7237100601
12.6801271439
12.5568268299
12.6107809544
12.3546700478
12.292566061
11.9033420086
12.1085309982
12.1353998184
11.9371659756
11.8132128716
11.71916008
11.7728872299
11.6725940704
11.2554490566
11.4176578522
11.7580490112
11.1498880386
83.8841218948
71.712884903
65.6275038719
53.2748949528
50.5113120079
48.2005889416
48.4767310619
37.6631090641
37.058398962
36.6522250175
36.2583470345
34.7666621208
34.3296289444
33.9188501835
33.4698870182
31.8294889927
31.8036351204
31.4518129826
30.9564599991
30.6229891777
30.0694730282
30.2930738926
29.9440319538
29.1980600357
29.4771840572
28.6178441048
28.4404518604
27.5741298199
26.5921809673
26.3556940556
25.8534879684
24.7839419842
24.9082949162
24.294536829
24.0619978905
23.1510360241
21.7969329357
21.4842839241
21.4901790619
21.0774049759
20.8043270111
20.1623821259
19.766302824
18.5489451885
18.7255280018
18.4799361229
18.18957901
17.8729839325
17.7775380611
17.7879970074
17.5733280182
17.1107130051
16.859596014
16.7807328701
16.3077008724
16.2481138706
16.1105730534
15.5916130543
15.575425148
15.2477200031
14.900083065
14.9221618176
15.0200989246
14.2472410202
14.3892159462
14.1440880299
13.8271539211
13.9298229218
13.63210392
13.782212019
13.703015089
13.4773201942
13.3981809616
13.4098501205
13.1700789928
13.2701609135
13.0749161243
13.0295920372
13.0697431564
13.0968499184
12.8891899586
12.6885931492
12.9639911652
12.5005629063
12.584072113
12.8516769409
12.4516398907
12.0397400856
12.1982290745
12.1859230995
11.9383280277
11.8303380013
11.7791759968
11.9329640865
11.658288002
11.5417690277
11.5005280972
11.4312608242
11.2391238213
11.2947020531
83.9762990475
71.6287360191
65.5023748875
53.1508159637
50.579433918
48.8365280628
48.0680680275
37.7450370789
37.0059030056
36.9550521374
36.5568790436
34.6584010124
34.1894979477
33.7700591087
33.4361920357
31.8119001389
31.7127680779
31.5450460911
30.9607179165
30.782366991
30.0856878757
30.3582029343
30.0366420746
29.3428199291
29.2730910778
28.412530899
28.6857759953
27.5802190304
26.5851118565
26.2461698055
25.8716449738
24.9016780853
25.0815839767
23.9419891834
24.0330159664
23.1376280785
22.0319490433
21.6211941242
21.2115559578
21.111866951
20.9279050827
20.3936619759
19.3347399235
18.9153671265
18.5346438885
18.438480854
18.1922540665
18.1472220421
17.7463569641
17.491230011
17.6733529568
17.3277628422
16.5704779625
16.776296854
16.6632940769
16.1234269142
15.8676819801
15.93948102
15.4092600346
15.0920419693
15.2576010227
15.026873827
14.523127079
14.2749919891
14.4876291752
13.9724450111
14.1222791672
14.0322399139
13.6540529728
13.6116540432
13.4816410542
13.5884168148
13.6054291725
13.2717459202
13.2625408173
13.2200849056
13.0272579193
13.1326851845
13.0926389694
12.9104521275
12.9237980843
12.7232179642
13.0177688599
12.6113231182
12.420060873
12.7229249477
12.2821030617
12.3874959946
12.066865921
12.0255529881
11.9817080498
11.9750959873
11.9863190651
11.7820520401
11.5838031769
11.4900708199
11.7137770653
11.2263770103
11.382089138
11.4868860245
