Experiment Results
4.40224289894
0.814289808273
0.86821103096
0.805274963379
0.959800958633
0.82941198349
0.930530071259
0.878041982651
0.829468011856
0.8582239151
0.878936052322
0.859012126923
0.840140104294
0.814645051956
0.860749959946
1.11681699753
0.793012857437
0.774523973465
0.911739110947
0.79844212532
0.807017087936
0.780613899231
0.814116954803
0.78924703598
0.832059144974
1.10391783714
0.807145118713
0.87744307518
0.788077116013
0.768898010254
0.848231077194
0.792027950287
0.808434963226
1.09359478951
0.855085134506
0.875126123428
0.774616956711
0.777889966965
0.772428035736
0.80396604538
0.777618169785
0.817542076111
0.816187858582
0.786470890045
0.797072887421
0.805818080902
0.792687892914
0.795477867126
0.801467180252
0.777584791183
0.811249017715
1.10401010513
0.809190034866
0.791579008102
0.788203954697
0.785695075989
0.822130918503
0.773780107498
0.797194957733
0.79776597023
0.782420158386
0.835027217865
0.847413063049
0.803899049759
0.780957937241
0.777068853378
0.781476020813
0.796252965927
0.777038812637
0.792127847672
0.772113084793
0.785099029541
0.789608001709
0.79451084137
0.79305100441
0.802309989929
0.805680036545
0.791840076447
0.745693922043
0.760489940643
0.755689144135
0.79521894455
0.77447104454
0.824424028397
0.786581993103
0.748753070831
0.757928133011
0.775051116943
0.791068077087
1.00955700874
0.762881040573
0.764688014984
0.782819986343
0.810070037842
0.78813791275
0.785778999329
0.817424058914
0.781807184219
1.048828125
0.775712013245
0.875632047653
0.75691485405
0.750430107117
0.758780002594
0.756901979446
0.757036924362
0.790853977203
0.752706050873
0.771306037903
0.793696165085
0.754806041718
0.761503219604
0.753204107285
0.755491018295
0.768203020096
0.814152002335
0.866235017776
0.81588101387
0.967606782913
0.827502965927
0.835641860962
0.76474905014
0.754349946976
0.802604913712
1.01125693321
0.820805072784
0.853682994843
0.75955080986
0.750056028366
0.755217075348
0.758338928223
0.805126905441
0.968766927719
0.830554008484
0.78892993927
0.806029081345
0.80530500412
0.794141054153
0.850693941116
0.990879058838
0.783960103989
0.76061296463
0.769998788834
0.75118303299
0.803230047226
1.03638291359
0.819162130356
0.767250061035
0.74974489212
0.771483898163
0.809818983078
0.767899990082
0.747440099716
0.782114982605
0.769062995911
0.832408905029
1.03478097916
0.763309001923
0.781755924225
0.791846036911
0.786259889603
0.805739879608
0.821903944016
0.804470777512
0.79274392128
0.803557872772
0.7796189785
0.777042150497
0.758865118027
0.972835063934
0.760653972626
0.75496506691
0.793239116669
0.766333818436
0.758375883102
0.749220848083
0.862547874451
0.857595920563
1.03646397591
0.757082939148
0.792695045471
0.757743835449
0.749566078186
0.801004886627
0.84042596817
0.760121107101
0.771307945251
0.990864038467
0.777557849884
0.758742809296
0.760776042938
0.762834072113
0.767910957336
0.794033050537
0.793277978897
0.786787033081
0.812201023102
0.803504943848
0.763962030411
0.793860912323
0.7687728405
0.778666973114
0.761142969131
0.752137899399
0.768587112427
0.793199062347
0.781881809235
0.811961889267
0.758699893951
0.758463859558
0.774812936783
0.805911064148
0.780752897263
0.871297121048
1.11727714539
0.84957909584
0.780704975128
0.874956130981
0.931507110596
0.798104047775
0.846566200256
0.76231098175
0.75946688652
0.800817966461
0.774804830551
0.905488014221
0.774603843689
0.765953063965
0.855213880539
0.826282978058
1.10284090042
0.76581287384
0.777921199799
0.882266044617
0.87539100647
0.856971025467
0.91256403923
0.769747018814
0.758477926254
0.746687889099
0.777112007141
0.758949995041
0.753522157669
0.802939891815
0.779474973679
0.774019002914
0.755309820175
0.904290914536
0.780515909195
0.792668819427
0.785989046097
0.801082849503
0.803166866302
0.763872146606
0.751252889633
0.753256082535
0.753916025162
0.743669033051
0.757742881775
0.756235122681
0.758848905563
0.823222875595
0.81603717804
0.769401073456
0.784228086472
0.765501022339
0.937423944473
0.768942117691
0.750822067261
0.764538049698
0.78015089035
0.765851020813
0.76034784317
0.782500982285
0.826941013336
0.747308015823
0.842730998993
0.768119096756
0.75653886795
0.771346092224
0.756780147552
0.891377925873
0.768327951431
0.771615982056
0.75671005249
0.760520935059
0.760314941406
0.758751153946
0.762231111526
0.751344919205
0.752564907074
0.799447059631
0.853754043579
0.751043081284
0.754408121109
0.756452083588
0.789222002029
0.784902095795
0.775152921677
0.738528013229
0.748944044113
0.811212062836
0.775085926056
0.737715005875
0.755445957184
0.857825994492
0.812515974045
0.844204902649
0.855670213699
0.763028144836
0.769035816193
0.770560026169
0.755760908127
0.78391289711
0.756061077118
0.759364843369
0.773871898651
0.778444051743
0.773795843124
0.753216981888
0.776787996292
0.8060131073
0.801524877548
0.788516998291
0.809531927109
0.780493974686
0.779721975327
0.752515077591
0.781989097595
0.798252820969
0.814551115036
0.881603002548
0.760590791702
0.749777793884
0.784797906876
0.760287046432
0.754995822906
1.05055618286
0.750884056091
0.814809799194
0.756952047348
0.7611348629
0.753572225571
0.787842035294
0.770219802856
0.788974046707
0.759299993515
0.756517887115
0.806675195694
0.770159006119
0.801586866379
0.814600944519
0.754107952118
0.75360417366
0.802040815353
0.799045085907
0.795549154282
0.782705068588
0.833500146866
0.78382897377
0.772518873215
0.777318000793
0.757632017136
0.761758089066
0.770738840103
0.750715970993
0.758105039597
0.800817966461
0.796276092529
0.820633888245
0.795075178146
0.753198862076
0.752341985703
0.79182100296
0.791340827942
0.753309011459
0.751265048981
0.753207921982
0.79803609848
0.792807817459
0.758728981018
0.760710954666
0.775100946426
0.790357112885
0.808827877045
0.761212110519
1.03590989113
0.822468996048
0.762854099274
0.956794977188
0.839845180511
0.798576116562
0.761068105698
0.921221017838
0.78885102272
0.81809091568
0.795016050339
0.761430978775
0.755867958069
0.767978906631
0.786261796951
0.755841016769
0.762899160385
0.790782928467
0.788014888763
0.811410903931
0.802276134491
0.932206869125
0.814124107361
0.813677072525
0.766242980957
0.776621103287
0.771100997925
0.964649915695
0.801899194717
0.843719005585
0.818869829178
0.774446964264
0.799077987671
0.825783967972
0.942145109177
0.801279067993
0.766445875168
0.769248008728
0.778903007507
0.803854942322
0.782913923264
0.803589820862
0.806972980499
0.76881480217
0.771363019943
0.850220918655
0.902549028397
0.83438205719
0.794343948364
0.780538082123
0.756150960922
0.765162944794
0.917643070221
0.816152095795
0.786990880966
0.779976844788
0.827654123306
0.785006046295
0.79335308075
0.937164068222
0.883000135422
0.846921920776
0.766461133957
0.845858097076
0.791363954544
0.811280012131
0.793885946274
0.807595968246
0.989171028137
0.843579053879
0.794794797897
0.776958227158
0.765575170517
0.773454904556
0.762940168381
0.786298036575
0.800559043884
0.789786815643
0.809720039368
0.773297071457
0.826205015182
0.840831041336
0.924105882645
0.855323076248
0.759639978409
0.802737951279
0.80616402626
0.875900030136
0.83621096611
0.793349027634
0.766748189926
0.765691995621
0.768941164017
0.901104927063
0.787327051163
0.796159029007
0.817717075348
0.816326141357
0.762977838516
0.785219907761
0.706768989563
0.71207690239
0.699012994766
0.696317911148
0.729624986649
0.763340950012
0.697876930237
0.709452867508
0.70361495018
0.714663982391
0.721727132797
0.747012138367
0.700109004974
0.703831195831
0.707108974457
0.694247961044
0.795516967773
0.766901016235
0.76689696312
0.828266143799
0.797414064407
0.906019926071
0.830342054367
0.822909832001
0.786409139633
0.812240123749
0.841574192047
0.825526952744
0.76173210144
0.804446935654
0.989031076431
0.803329944611
0.764611005783
0.771206140518
0.760289907455
0.766201972961
0.822853803635
0.885607004166
0.811649084091
0.824531078339
0.762143850327
0.803493976593
0.943565130234
0.787222862244
0.770483016968
0.768674135208
0.826595067978
0.770373106003
0.823191165924
0.791261911392
0.818490982056
0.759502887726
0.796727180481
0.808251142502
0.929317951202
0.79262804985
0.771067857742
0.764560222626
0.752474069595
0.760265111923
0.773674964905
0.765454053879
0.765024900436
0.787498950958
0.756494998932
0.760663032532
0.766687870026
0.761173009872
0.775828123093
0.78159403801
0.77512717247
0.854274988174
0.775094985962
0.892109155655
0.862190008163
0.92283821106
0.776333093643
0.756983995438
0.765517950058
0.792325019836
0.770989179611
0.764024019241
0.797853946686
0.764515161514
0.856197834015
0.786738157272
0.758292913437
0.760302066803
0.857596158981
0.819728851318
0.868678092957
0.790072917938
0.800429105759
0.875115871429
0.828611850739
0.868950128555
0.767493009567
0.758460044861
0.76132106781
0.763695955276
0.766504049301
0.80095911026
0.797163009644
0.796073913574
0.805910110474
0.763344049454
0.789761066437
0.833723068237
0.809076070786
0.765823841095
0.800868988037
0.762276887894
0.870074033737
0.855420827866
