Experiment Results
87.9764368534
71.417206049
65.3912158012
53.0509610176
50.5594499111
48.2756900787
48.2426381111
37.53647995
37.0776810646
36.6605410576
36.5412039757
34.4957559109
34.2778718472
33.6826169491
33.5566849709
31.8645119667
31.9253561497
31.1447908878
30.9141490459
30.9502310753
29.9516019821
30.3129758835
30.0997140408
29.3391690254
29.3199439049
28.5679910183
28.3149969578
27.7285721302
26.5193860531
26.3508028984
25.8762011528
25.1283841133
24.8597779274
24.029820919
23.8203978539
23.3025870323
21.6766130924
21.497303009
21.6796898842
20.8444750309
20.9272260666
20.0405550003
19.7906889915
18.8880209923
18.4478678703
18.4122998714
18.1956808567
17.9399330616
17.6445598602
17.8981587887
17.6245698929
17.1844091415
16.6970961094
16.6681768894
16.6204741001
16.1624419689
16.1715359688
15.6215510368
15.4778909683
15.2393739223
15.0383341312
14.9173209667
14.7862930298
14.2639939785
14.5329461098
13.9090459347
14.1274969578
13.7429990768
14.0875799656
13.3416929245
13.6377768517
13.603951931
13.4641430378
13.2005550861
13.4426159859
13.2412889004
12.9935350418
13.127297163
12.8648099899
12.9229459763
13.1656939983
12.7494940758
13.0483911037
12.4308421612
12.6052291393
12.8880610466
12.0082609653
12.2654161453
12.1135540009
11.9993438721
12.1026148796
11.8930079937
11.9707081318
11.6007790565
11.7781898975
11.4854140282
11.5833530426
11.4752280712
11.5000739098
11.1945412159
83.8171789646
71.5127367973
65.4105091095
53.2029111385
50.4545810223
48.4046680927
48.131141901
37.7409520149
36.9901587963
36.5459837914
36.4886879921
34.7283010483
34.2906548977
33.6717691422
33.6533110142
31.6726210117
31.6427998543
31.5000491142
30.7677218914
30.8634810448
30.2535729408
30.007860899
29.9044771194
29.4843409061
29.1729719639
28.5179510117
29.0055861473
27.6403410435
26.435106039
26.2052779198
25.771504879
24.7690198421
25.1004128456
24.1261160374
24.0013859272
23.1837010384
21.7822849751
21.4096930027
21.4265348911
21.0712749958
20.9672760963
20.0446510315
19.6933088303
18.759732008
18.5842299461
18.5309238434
18.2703909874
17.6496050358
17.9558842182
17.701841116
17.5600099564
17.1815609932
16.8014988899
16.6860079765
16.4829330444
16.2509269714
16.07604599
15.5921740532
15.5730211735
15.3021681309
15.2248489857
14.5857760906
14.7615270615
14.3902850151
14.2052440643
14.5419790745
13.7735741138
13.700799942
13.8962898254
13.502420187
13.7612071037
13.5237691402
13.5256521702
13.2955470085
13.1220910549
13.2824327946
13.2018830776
12.9466979504
13.2600839138
12.6136391163
13.0873908997
12.7938911915
12.8431329727
12.8446321487
12.4373919964
12.5888140202
12.2247979641
12.3206470013
12.2302191257
12.1244859695
12.090514183
11.8408379555
11.8993577957
11.5882279873
11.7037558556
11.6372189522
11.5079162121
11.4946210384
11.2526619434
11.2724840641
83.8843531609
71.6526148319
65.37738204
53.0568060875
50.5688621998
48.2037289143
48.2707188129
37.5768020153
36.9379789829
36.8806009293
36.316824913
34.889318943
34.1044518948
33.6637539864
33.4280309677
32.0052649975
31.7436411381
31.3738200665
30.8529632092
30.7743577957
30.0540368557
30.1740369797
30.0684018135
29.1739909649
29.4794809818
28.3732869625
28.7086899281
27.7429289818
26.4200079441
26.2885460854
25.8184049129
25.0016579628
24.7569260597
24.0590510368
23.8945450783
23.4570350647
21.7088041306
21.4606080055
21.4227821827
21.060849905
20.9305379391
20.3999180794
19.4406340122
18.7122030258
18.584592104
18.524889946
18.3518190384
17.6592350006
17.6644871235
17.9039099216
17.4062290192
17.3007378578
16.8990960121
16.6298041344
16.2859990597
16.467936039
16.0655128956
15.6075589657
15.4849970341
15.1111600399
15.0719850063
14.9085538387
14.7557501793
14.5640439987
14.259606123
14.1780979633
14.1019649506
13.7275769711
13.8550579548
13.4245300293
13.7384650707
13.5349168777
13.3904798031
13.4957690239
13.1011970043
13.1747980118
13.2917411327
13.0071041584
13.0916900635
12.7832329273
12.9493529797
12.8516950607
12.8503639698
12.8472771645
12.3364691734
12.9079670906
12.140540123
12.4057528973
12.0577278137
11.9773728848
11.9065990448
12.2160661221
11.9489479065
11.501937151
11.7730219364
11.5059709549
11.5769691467
11.4029259682
11.6674380302
11.2023720741
83.7787001133
71.5175230503
65.3844099045
53.1670920849
50.4158689976
48.3934371471
47.9904959202
37.8098700047
36.8916399479
36.7354929447
36.6040849686
34.5741841793
34.1716780663
33.773802042
33.3711569309
32.0258049965
31.7917771339
31.3175749779
30.7394781113
30.7724759579
30.2960650921
30.0923509598
29.9845671654
29.3438918591
29.1689829826
28.7893810272
28.3296740055
27.7551450729
26.5123209953
26.0963981152
26.0623710155
24.7060739994
25.0201311111
24.1456921101
23.8549339771
23.43542099
21.6400752068
21.4735851288
21.4800751209
21.0895559788
20.8623521328
20.2200820446
19.5382630825
18.9091050625
18.5023248196
18.4959640503
18.2494750023
18.074368
17.5630779266
17.5982499123
17.7463488579
17.2757949829
16.608109951
16.848336935
16.3876318932
16.4867370129
15.8540859222
15.5407848358
15.6092779636
15.1939320564
14.948579073
15.142054081
14.7319970131
14.3918399811
14.2386209965
14.0325789452
14.0178229809
13.8106889725
13.9362299442
13.6444098949
13.4417541027
13.5555961132
13.5131950378
13.4832289219
13.1348698139
13.1402189732
13.169672966
12.974298954
13.205755949
13.1659090519
12.8280239105
12.6321959496
12.8674721718
12.8244111538
12.367344141
12.6575169563
12.5347912312
12.2735469341
11.762139082
12.2945728302
11.6700260639
12.2819609642
11.812379837
11.6281487942
11.653138876
11.7997779846
11.43136096
11.4767839909
11.3431859016
11.3349199295
83.9710931778
71.6119301319
65.3007268906
53.0700778961
50.4614090919
48.3366580009
48.1394679546
37.4710109234
37.1482460499
36.5874409676
36.479008913
34.6781549454
34.396876812
33.7090609074
33.6369018555
31.9075450897
31.7329919338
31.2361769676
31.1674828529
30.5816340446
30.3123149872
30.0399179459
29.7351019382
29.6306948662
29.2634620667
28.5652551651
28.6910638809
27.4199929237
26.6495120525
26.3783798218
25.8919558525
24.838037014
24.8995349407
24.2887990475
23.7433989048
23.2821888924
21.8373041153
21.3859300613
21.3143029213
21.1213641167
21.2085700035
20.1535229683
19.2183310986
18.8547561169
18.6719138622
18.4789671898
18.3476259708
17.6965758801
17.7211179733
17.7682440281
17.8689310551
17.0125789642
16.6483199596
16.9033560753
16.3449041843
16.2630620003
16.1749470234
15.3655970097
15.7958989143
15.2699899673
15.0261750221
14.9839761257
14.7554910183
14.3033168316
14.3433699608
13.9185688496
13.9369578362
13.9927210808
13.6752388477
13.7561609745
13.7285840511
13.519879818
13.36364007
13.451843977
13.0482409
13.4660770893
13.0907318592
12.8924081326
13.0882461071
12.7903778553
13.2174940109
12.8124639988
12.7363810539
12.660987854
12.7224490643
12.4115798473
12.3644728661
12.0998561382
12.3361492157
12.1350090504
11.9926800728
11.7946090698
12.0165510178
11.5964579582
11.5590689182
11.8482391834
11.2149820328
11.6282470226
11.5021460056
11.5102739334
83.9477641582
71.5356240273
65.5616381168
53.3991560936
50.4753251076
48.4606990814
48.2690200806
37.614169836
37.1527571678
36.6980140209
36.7455351353
34.4769990444
34.494508028
33.6938741207
33.3848369122
32.0565531254
31.6123490334
31.472094059
30.7381038666
30.9732658863
29.9905800819
30.0985848904
29.9207420349
29.5675158501
29.164454937
28.5484249592
28.9007019997
27.3608829975
26.5505769253
26.2981419563
26.0728218555
24.9830219746
24.6943769455
24.355091095
23.6527380943
23.460832119
21.5793678761
21.5580811501
21.3805711269
21.2735240459
20.7771661282
20.194532156
19.4214010239
18.8100709915
18.6072909832
18.3954279423
18.5726709366
17.7277150154
17.7604711056
17.9224598408
17.463958025
17.1726469994
16.7764129639
16.6285820007
16.598927021
16.2178890705
16.0639297962
15.7250771523
15.2946200371
15.3436710835
15.0246989727
14.7457931042
14.828728199
14.608394146
14.1973979473
14.1110610962
14.0382080078
13.8064420223
13.6937279701
13.4712750912
13.9730648994
13.4232058525
13.3321151733
13.2898831367
13.186743021
13.2893309593
13.0884180069
12.9508810043
13.4785878658
12.8326020241
12.8801038265
12.7995500565
12.5621271133
13.1072940826
12.4798018932
12.6681380272
12.2286329269
12.1777529716
12.1234540939
12.0266680717
12.0063619614
12.2392859459
11.5354721546
11.7635009289
11.656277895
11.8334839344
11.4490909576
11.4144389629
11.2848951817
11.3605809212
