Experiment Results
3.496778965
0.101075172424
0.0972030162811
0.103749036789
0.0939958095551
0.100278139114
0.11616396904
0.0929040908813
0.0945219993591
0.0981929302216
0.129404067993
0.0947749614716
0.0929930210114
0.0991878509521
0.098249912262
0.163131952286
0.124737977982
0.0993850231171
0.0905950069427
0.100591897964
0.0950448513031
0.107500076294
0.0903840065002
0.102061033249
0.0943970680237
0.0946950912476
0.0968198776245
0.100195884705
0.0904641151428
0.0923819541931
0.0940790176392
0.124652147293
0.126610040665
0.0961730480194
0.101938962936
0.172263145447
0.093456029892
0.0947949886322
0.121928930283
0.0970780849457
0.102627038956
0.0958120822906
0.14064002037
0.122587203979
0.125537872314
0.0941500663757
0.100919961929
0.0988738536835
0.0917418003082
0.126891136169
0.0941679477692
0.11735200882
0.090989112854
0.0907831192017
0.105460882187
0.101433992386
0.176261901855
0.140038013458
0.0939102172852
0.0908269882202
0.156183004379
0.105552911758
0.153957128525
0.0968511104584
0.106256961823
0.0898289680481
0.0958778858185
0.123874902725
0.0950951576233
0.0996201038361
0.0907731056213
0.0923030376434
0.0996408462524
0.161871910095
0.0954740047455
0.0992162227631
0.101771116257
0.100115060806
0.0906069278717
0.0939378738403
0.102658987045
0.0957148075104
0.0977609157562
0.145985841751
0.0915160179138
0.0915899276733
0.0950639247894
0.0935781002045
0.0918760299683
0.103412866592
0.118772029877
0.115668058395
0.0907030105591
0.0916309356689
0.0930418968201
0.0980348587036
0.0939209461212
0.0958640575409
0.105628967285
0.118282079697
0.0916800498962
0.140455007553
0.0951609611511
0.0924501419067
0.100903987885
0.100704908371
0.130561113358
0.0900161266327
0.0915179252625
0.130645990372
0.104767084122
0.124550104141
0.0969009399414
0.101557970047
0.0956091880798
0.0919029712677
0.100148916245
0.168224096298
0.0911929607391
0.0925688743591
0.0916600227356
0.0941638946533
0.0940430164337
0.0932660102844
0.109688043594
0.0916018486023
0.10307097435
0.0975868701935
0.12483382225
0.0980660915375
0.094908952713
0.127398967743
0.0985429286957
0.0978629589081
0.119251966476
0.0980310440063
0.0966510772705
0.0913820266724
0.0917859077454
0.0953788757324
0.125386953354
0.126750946045
0.0935530662537
0.0943489074707
0.0956170558929
0.0973010063171
0.0964660644531
0.106899023056
0.0913240909576
0.0909950733185
0.122482061386
0.0909268856049
0.0906109809875
0.0922050476074
0.0919721126556
0.0969989299774
0.0971689224243
0.0909900665283
0.120079994202
0.0927920341492
0.122688055038
0.0926198959351
0.107649087906
0.100389957428
0.0898940563202
0.0937559604645
0.0962209701538
0.0919568538666
0.0930399894714
0.0918750762939
0.0923519134521
0.144246816635
0.091922044754
0.0918200016022
0.0909028053284
0.0922260284424
0.0948669910431
0.0997910499573
0.106123924255
0.092787027359
0.126832962036
0.109105825424
0.0929100513458
0.0973761081696
0.125303983688
0.0923070907593
0.120805025101
0.144900083542
0.0998899936676
0.0926330089569
0.120434999466
0.0934069156647
0.0926768779755
0.137261867523
0.123212099075
0.106878042221
0.170450925827
0.126111984253
0.0924301147461
0.091274023056
0.0960199832916
0.136532068253
0.104493141174
0.0914368629456
0.102093935013
0.0912170410156
0.102657079697
0.106918096542
0.0979268550873
0.0917291641235
0.108717918396
0.0976870059967
0.0928118228912
0.101572036743
0.0991780757904
0.127905130386
0.129461050034
0.122194051743
0.0923209190369
0.0938930511475
0.10840010643
0.0948321819305
0.0903718471527
0.0972940921783
0.103522062302
0.0978519916534
0.0933640003204
0.111571788788
0.0961019992828
0.103538036346
0.0927770137787
0.0963091850281
0.0940899848938
0.136398792267
0.0915188789368
0.10680603981
0.0957419872284
0.126157999039
0.0929379463196
0.0924978256226
0.121439933777
0.102071046829
0.121173143387
0.0958199501038
0.0963439941406
0.0907170772552
0.134506940842
0.130352020264
0.0944399833679
0.102074861526
0.0919489860535
0.162525892258
0.0973408222198
0.123586893082
0.10170006752
0.0986909866333
0.0953509807587
0.0931310653687
0.0954761505127
0.107419967651
0.0928220748901
0.103543043137
0.0980069637299
0.0925359725952
0.106839895248
0.0963981151581
0.0920419692993
0.101114034653
0.158034086227
0.0938491821289
0.112179040909
0.116527080536
0.0955021381378
0.0941441059113
0.0941829681396
0.128348112106
0.139510154724
0.117918014526
0.0959460735321
0.0947909355164
0.0951809883118
0.0979859828949
0.0911300182343
0.0918509960175
0.123303174973
0.0991470813751
0.0978801250458
0.0955979824066
0.0934300422668
0.0943238735199
0.127526044846
0.101498126984
0.129132032394
0.0988931655884
0.0978138446808
0.098014831543
0.152787923813
0.0996160507202
0.0962250232697
0.126054048538
0.0931079387665
0.1443400383
0.0956702232361
0.10204577446
0.0935640335083
0.0973451137543
0.096018075943
0.104173898697
0.091845035553
0.111274003983
0.11678814888
0.0925400257111
0.127058029175
0.0924320220947
0.100497961044
0.103281021118
0.0947530269623
0.103075027466
0.0990061759949
0.125320911407
0.12858080864
0.0921170711517
0.119147062302
0.0986359119415
0.112402915955
0.106698989868
0.0959711074829
0.0995008945465
0.105011940002
0.0969431400299
0.103621959686
0.130443096161
0.10310792923
0.135882854462
0.0949728488922
0.182340145111
0.0977420806885
0.102466106415
0.156689167023
0.108590841293
0.130454063416
0.100610017776
0.125050067902
0.102766036987
0.164689064026
0.0965750217438
0.0925550460815
0.0931990146637
0.10333108902
0.0941700935364
0.100908994675
0.0965139865875
0.103499889374
0.10516500473
0.0981171131134
0.096822977066
0.117034912109
0.095997095108
0.0927259922028
0.0997679233551
0.108588933945
0.0967409610748
0.106379032135
0.0917310714722
0.111366033554
0.143636226654
0.104280948639
0.105113983154
0.126956939697
0.0982859134674
0.0921928882599
0.0953261852264
0.125057935715
0.0964751243591
0.0927498340607
0.0921139717102
0.0963551998138
0.115829944611
0.100597858429
0.0959339141846
0.100394010544
0.0931022167206
0.0963490009308
0.125785112381
0.129368066788
0.0929811000824
0.0967509746552
0.102385997772
0.0971691608429
0.0993099212646
0.160890817642
0.0934739112854
0.0977652072906
0.127882957458
0.0969970226288
0.0929319858551
0.097393989563
0.102541923523
0.101320981979
0.102845907211
0.0938611030579
0.113092184067
0.126437187195
0.0955908298492
0.0923550128937
0.14378285408
0.0926558971405
0.124131202698
0.117161989212
0.0987770557404
0.0931560993195
0.0986018180847
0.099179983139
0.0994000434875
0.0925660133362
0.0969009399414
0.135131120682
0.121047019958
0.119791984558
0.0953118801117
0.0992319583893
0.126372814178
0.160151004791
0.108154058456
0.0952370166779
0.127909183502
0.1275639534
0.127711057663
0.0950350761414
0.0963540077209
0.0929689407349
0.106174945831
0.0988109111786
0.119343996048
0.0976319313049
0.131438970566
0.106413125992
0.109523057938
0.106548070908
0.0968542098999
0.0979080200195
0.096312046051
0.0929439067841
0.0981829166412
0.0965900421143
0.10194683075
0.093101978302
0.124193906784
0.0938630104065
0.104590177536
0.0989940166473
0.0965700149536
0.101191043854
0.0962588787079
0.101201057434
0.0989301204681
0.0994458198547
0.107924938202
0.0927908420563
0.0985949039459
0.100704908371
0.17014503479
0.0936172008514
0.101526975632
0.0966367721558
0.0952320098877
0.103241920471
0.0945310592651
0.125415802002
0.0957849025726
0.156728982925
0.114862918854
0.0918970108032
0.094074010849
0.0964469909668
0.10064291954
0.0936410427094
0.0965580940247
0.123323917389
0.134134054184
0.126915931702
0.128873109818
0.0987951755524
0.10354590416
0.0924468040466
0.0938341617584
0.0990860462189
0.0936000347137
0.105710983276
0.0930600166321
0.10551905632
0.13883805275
0.0974931716919
0.0935070514679
0.131520986557
0.10294008255
0.091136932373
0.0947418212891
0.0913619995117
0.0928440093994
0.0982179641724
0.0937860012054
0.0922718048096
0.151384115219
0.098827123642
0.109587907791
0.0958049297333
0.101035833359
0.098995923996
0.103979110718
0.0919160842896
0.0933020114899
0.127081871033
0.0928828716278
0.112676858902
0.0909090042114
0.0971210002899
0.0934221744537
0.107381105423
0.102045059204
0.104001045227
0.0948979854584
0.0987210273743
0.0982799530029
0.106323957443
0.0981431007385
0.103289842606
0.0925970077515
0.102949142456
0.0970828533173
0.0987491607666
0.163342952728
0.116802930832
0.0944020748138
0.0937471389771
0.152585029602
0.0929129123688
0.0993809700012
0.0961470603943
0.0965559482574
0.111369132996
0.0922119617462
0.0923871994019
0.0920190811157
0.10120010376
0.0965211391449
0.0942010879517
0.0947029590607
0.0989990234375
0.109078168869
0.103884935379
0.0921401977539
0.0940821170807
0.12544298172
0.123167991638
0.136320114136
0.138748884201
0.0952401161194
0.0956950187683
0.0923519134521
0.102087974548
0.125826835632
0.0940210819244
0.0925118923187
0.0978071689606
0.0914239883423
0.101496934891
0.12685418129
0.0939910411835
0.114547967911
0.109045982361
0.129109144211
0.0991699695587
0.156295776367
0.0969529151917
0.0984029769897
0.0918488502502
0.112721920013
0.0996971130371
0.184908866882
0.0970239639282
0.0922019481659
0.101721048355
0.104239940643
0.0916080474854
0.0936238765717
0.12478518486
0.0950489044189
0.0953750610352
0.0990700721741
0.0918829441071
0.0957260131836
0.0925900936127
0.0963280200958
0.0911178588867
0.0972230434418
0.0993750095367
0.0991299152374
0.0915369987488
0.0996840000153
