Experiment Results
87.5989820957
71.7009370327
65.2672338486
53.0164279938
50.5627679825
48.3406198025
47.9331738949
37.5869531631
37.1808640957
36.6695430279
36.3476850986
34.9034159184
34.1619801521
33.8989059925
33.4540359974
31.5367031097
31.9822919369
31.3045480251
30.7838129997
30.943349123
29.8818540573
30.261371851
29.8713350296
29.4562120438
29.287787199
28.6036009789
28.5701589584
27.6861901283
26.5375800133
26.1188910007
26.1307871342
24.721446991
24.8377740383
24.3448698521
23.7239978313
23.248677969
21.9214401245
21.3849310875
21.3614070415
21.0814669132
21.2269759178
20.0513720512
19.3610241413
18.8958389759
18.5634939671
18.5820319653
18.1819679737
17.9981598854
17.6250050068
17.9126260281
17.2959449291
17.4230699539
16.7515079975
16.5849680901
16.4873418808
16.4360508919
15.8476350307
15.7610220909
15.4140059948
15.2649290562
15.1306860447
14.9966909885
14.5564517975
14.4530460835
14.2831969261
14.220277071
13.8678188324
13.9795649052
13.7736358643
13.533427
13.7593920231
13.4894881248
13.5919909477
13.1637499332
13.2078919411
13.3187930584
13.0125620365
13.1016831398
13.3123459816
12.9602930546
13.0530478954
12.6495428085
12.9416840076
12.3423769474
12.6598651409
12.9627180099
12.1022019386
12.138851881
12.0934522152
12.2575321198
11.9949140549
11.7627470493
12.0598671436
11.5317270756
11.7348680496
11.5291368961
11.6969139576
11.4758911133
11.1914899349
11.5030190945
83.8549268246
71.4586350918
65.3234009743
52.9777290821
50.6208641529
48.2603600025
48.1911690235
37.3889119625
37.1146299839
36.7540109158
36.4726259708
34.6897540092
34.2722628117
33.6559300423
33.4018168449
32.0001161098
31.6651070118
31.3600111008
30.9556958675
30.7548048496
30.1016509533
30.1722211838
29.8869662285
29.3244359493
29.4713330269
28.4548339844
28.5440661907
27.854460001
26.2733511925
26.3951070309
25.8430330753
24.8799068928
25.0019481182
24.2442529202
23.8013520241
23.1895368099
21.8566508293
21.2811419964
21.5547029972
21.1532659531
20.9566829205
19.8763020039
19.6230089664
18.9225959778
18.6981019974
18.1798188686
18.3428490162
17.8200519085
17.6252031326
17.8425409794
17.6024668217
17.377794981
16.6735539436
16.6819241047
16.586783886
16.1005551815
16.270553112
15.6791980267
15.5854179859
15.0005238056
15.1342470646
14.7229609489
14.9574840069
14.3634448051
14.1335089207
14.3865261078
13.7806749344
14.0764198303
13.5833208561
13.8111422062
13.5795378685
13.4308350086
13.7336931229
13.1268720627
13.2808380127
13.4650850296
12.7986319065
13.1811859608
12.9952149391
13.1510550976
13.0242378712
12.5802738667
12.7868280411
12.689125061
12.6764421463
12.6760082245
12.1261210442
12.4765539169
12.1938400269
11.9508740902
12.1060438156
11.9059870243
11.6691710949
11.8062601089
11.5861370564
11.6554999352
11.6127979755
11.3976249695
11.4150099754
11.3220849037
83.7075309753
71.4485530853
65.3648397923
52.9985179901
50.7788259983
48.0397150517
48.2751729488
37.5504791737
37.2601149082
36.3900358677
36.6063129902
34.61916399
34.2661571503
33.5762910843
33.6679260731
31.7659709454
31.7701869011
31.5086960793
30.8467571735
30.7649250031
30.0046889782
30.2364940643
29.8837709427
29.3606748581
29.3441941738
28.6524069309
28.6041409969
27.5174150467
26.4780659676
26.3979659081
25.769849062
25.1480100155
24.6524240971
24.1196601391
23.9685101509
23.297164917
21.6765260696
21.4801959991
21.4910650253
21.0762310028
20.8953449726
20.1500968933
19.5534200668
18.9300529957
18.5535449982
18.6898801327
18.1701991558
17.7100198269
17.8642940521
17.4988410473
17.7550079823
17.3505709171
16.6632668972
16.7625310421
16.3838238716
16.2954258919
15.9809060097
15.6857039928
15.4874479771
15.3972392082
15.0522470474
14.8958129883
14.5941059589
14.3835539818
14.3840289116
13.9096488953
14.2708129883
13.8926091194
13.5752699375
13.946023941
13.5655779839
13.3342301846
13.6170880795
13.5659182072
12.9796738625
13.4167211056
12.6759560108
13.1974620819
13.1844801903
12.8000919819
13.1319770813
12.809484005
12.8446450233
12.7720980644
12.4556610584
12.6153509617
12.2745079994
12.3939042091
12.1449830532
12.2217190266
11.8894498348
11.8110120296
11.8560059071
11.6975641251
11.8516731262
11.611579895
11.4811360836
11.2951738834
11.4001340866
11.2846229076
83.712346077
71.630243063
65.1214141846
53.1627979279
50.3885159492
48.5233359337
48.1500229836
37.4794371128
37.1839158535
36.5981481075
36.6201438904
34.7191359997
34.0375099182
33.6461839676
33.5916931629
31.7805669308
31.8829498291
31.4226191044
30.6209759712
30.9103159904
30.2164320946
30.1648850441
29.7975590229
29.466493845
29.4679551125
28.2500100136
28.5752511024
27.8738319874
26.663310051
25.9337229729
25.8463160992
25.0116541386
24.7425429821
24.0532279015
24.0772609711
23.1740121841
21.8770611286
21.5904099941
21.2661969662
21.0841948986
21.0830540657
19.9390621185
19.5408918858
19.0834360123
18.4577441216
18.5917601585
18.0843310356
17.7933440208
17.8656671047
17.8155939579
17.4684419632
17.2174220085
16.9344520569
16.530616045
16.8459980488
16.151758194
15.8177990913
15.7857038975
15.3685879707
15.1954908371
15.1945989132
14.8054888248
15.0594601631
14.0923521519
14.3130960464
14.2528851032
13.8939790726
13.9499590397
13.8269639015
13.7831509113
13.4771468639
13.3618550301
13.6216750145
13.2756900787
13.202121973
13.3262469769
13.1396269798
12.9795238972
12.8866479397
13.1843919754
13.0393610001
12.934540987
12.4973659515
12.7656729221
12.6428208351
12.4599981308
12.3000819683
12.3627431393
12.1685960293
12.0611920357
12.0157520771
12.043284893
11.6388180256
11.8780379295
11.715212822
11.5457530022
11.5759789944
11.5491130352
11.1715250015
11.3835310936
83.8097231388
71.4358270168
65.2244751453
53.2148270607
50.5753018856
48.4632740021
48.083935976
37.4614288807
37.0363681316
36.5969440937
36.656443119
34.5546691418
34.2604389191
33.7850151062
33.5263810158
31.7156021595
31.7619290352
31.5864431858
30.8842511177
30.711935997
30.1834669113
30.0174210072
29.9517579079
29.3085379601
29.4775130749
28.4674999714
28.5713160038
27.77511096
26.4839890003
26.2582550049
25.7449569702
24.9418098927
24.8621919155
24.1822359562
23.9526848793
23.08396101
21.99304986
21.4543778896
21.4056169987
21.0912671089
20.8802099228
20.1911828518
19.5764081478
18.9135301113
18.5385351181
18.5573680401
18.0929150581
18.1598498821
17.3023560047
17.8049330711
17.8279600143
17.0671517849
16.6471381187
16.8575019836
16.6028351784
16.2887911797
15.7778768539
15.9837300777
15.1943559647
15.1836769581
15.2837259769
14.9073359966
14.751499176
14.211823225
14.3765239716
14.2024619579
13.961014986
14.0867960453
13.4969100952
13.8790180683
13.4885640144
13.385529995
13.8043510914
13.18531394
13.3799381256
13.0277109146
13.1343050003
12.9063990116
13.2544000149
12.9089131355
13.093503952
12.6757419109
12.8056881428
12.689029932
12.5856080055
12.6754748821
12.3598589897
12.1238250732
12.4212999344
11.8500320911
12.0775458813
11.8888180256
11.8858618736
11.9863390923
11.4394521713
11.6427659988
11.479776144
11.3927698135
11.407761097
11.6051850319
83.7662949562
71.5352458954
65.2864551544
52.8924338818
50.5482871532
48.3800690174
48.145827055
37.5718548298
37.0596768856
36.7729868889
36.266824007
34.7426879406
34.3527190685
33.6127259731
33.3866839409
32.0744559765
31.6452991962
31.4933590889
30.8792409897
30.5829892159
30.2881970406
30.0601699352
30.0468680859
29.1776521206
29.278676033
28.8862740993
28.3703150749
27.6739912033
26.4707500935
26.1948578358
25.9341249466
24.7978270054
24.9713010788
24.1734440327
23.7824611664
23.2845778465
22.059374094
21.1984188557
21.5857050419
21.1860928535
20.9624168873
19.9482917786
19.5835502148
18.9171490669
18.4767079353
18.5773251057
18.1929249763
17.8897590637
17.8424978256
17.7202870846
17.7035059929
17.183054924
16.6752860546
16.4755938053
16.7190339565
16.2056441307
15.9305701256
15.7052540779
15.5167458057
15.2066531181
15.0489170551
15.1072630882
14.6089849472
14.3734540939
14.2772428989
14.1568849087
13.7836551666
13.9718618393
13.8084559441
13.5950410366
13.9182610512
13.1935789585
13.5262408257
13.5833220482
12.9036769867
13.3880181313
13.2115731239
12.8820228577
13.0076258183
13.1050360203
12.7540278435
12.79723382
12.9719729424
12.7876410484
12.3971040249
12.8165869713
12.23853302
12.4084999561
11.9914610386
12.0747549534
11.884098053
12.0929300785
11.7937500477
11.77333498
11.6123828888
11.677492857
11.3757359982
11.6850271225
11.2568478584
11.2414348125
