Experiment Results
3.54977488518
0.156414031982
0.140651941299
0.141977071762
0.11416220665
0.101579904556
0.130537033081
0.11271905899
0.1106300354
0.0972108840942
0.101694107056
0.102336168289
0.103038072586
0.132314920425
0.0936110019684
0.125693082809
0.113377094269
0.13716506958
0.0985159873962
0.0961120128632
0.116609096527
0.144924879074
0.0980520248413
0.0966928005219
0.0962400436401
0.0952818393707
0.0969569683075
0.0982069969177
0.0978269577026
0.104325056076
0.0946218967438
0.151304006577
0.0969197750092
0.0982389450073
0.0959069728851
0.103101015091
0.0985958576202
0.0955049991608
0.0998752117157
0.0996451377869
0.10474896431
0.0956749916077
0.0964341163635
0.10186290741
0.103964090347
0.0972819328308
0.10042309761
0.128606796265
0.0928809642792
0.0982899665833
0.0951662063599
0.112092971802
0.0994048118591
0.0998380184174
0.0977959632874
0.103165864944
0.107753992081
0.108852863312
0.0941681861877
0.110050916672
0.131490945816
0.0947020053864
0.106772184372
0.0937139987946
0.105058193207
0.0968039035797
0.100183010101
0.129227161407
0.120875835419
0.113289117813
0.100173950195
0.0944519042969
0.0982148647308
0.127027988434
0.0962131023407
0.099308013916
0.0991361141205
0.0943820476532
0.106867074966
0.0979750156403
0.0979120731354
0.0983259677887
0.108047008514
0.0969829559326
0.0982608795166
0.102617025375
0.0967690944672
0.10057091713
0.101873159409
0.152325868607
0.0981349945068
0.0974469184875
0.123894929886
0.0961201190948
0.0977277755737
0.0983111858368
0.114167928696
0.160331010818
0.104274988174
0.104243993759
0.100379943848
0.121370792389
0.0951709747314
0.14485001564
0.102084875107
0.113271951675
0.125509977341
0.0923800468445
0.103663921356
0.0987920761108
0.102660894394
0.0974860191345
0.111809968948
0.106122016907
0.0980401039124
0.132534980774
0.117183923721
0.0991728305817
0.109416007996
0.0929169654846
0.0965659618378
0.0944378376007
0.101110935211
0.100987911224
0.0987949371338
0.0891201496124
0.0990290641785
0.09836602211
0.0898909568787
0.103699922562
0.10012793541
0.112116098404
0.100389957428
0.0890369415283
0.0880720615387
0.0900828838348
0.0895791053772
0.124708890915
0.0947999954224
0.0963001251221
0.0988259315491
0.123981952667
0.0854790210724
0.0921120643616
0.0959031581879
0.092267036438
0.0897390842438
0.0876579284668
0.0971851348877
0.0988450050354
0.0905649662018
0.12112903595
0.133162021637
0.109702110291
0.0926430225372
0.0902750492096
0.128812074661
0.104929924011
0.0975530147552
0.0939819812775
0.147491931915
0.0967130661011
0.105957984924
0.0899631977081
0.0883288383484
0.0998117923737
0.0947568416595
0.0993208885193
0.0869100093842
0.0955488681793
0.0901520252228
0.0870718955994
0.103189945221
0.0929470062256
0.0911898612976
0.167428016663
0.109210014343
0.0973830223083
0.0953061580658
0.0926620960236
0.112097978592
0.0965502262115
0.0919330120087
0.102122068405
0.10241484642
0.0915820598602
0.101338863373
0.0928468704224
0.0919601917267
0.0993869304657
0.106293916702
0.128901004791
0.12334394455
0.125134944916
0.0946929454803
0.0864579677582
0.0864198207855
0.0851001739502
0.158277988434
0.116923093796
0.100270032883
0.120445013046
0.0994639396667
0.0988900661469
0.0948009490967
0.116140127182
0.121998071671
0.0953369140625
0.0869238376617
0.0860152244568
0.132807016373
0.1466319561
0.101629018784
0.0913369655609
0.101969003677
0.100231170654
0.117713928223
0.0897448062897
0.0889549255371
0.172386169434
0.102129936218
0.0895400047302
0.0960781574249
0.113692998886
0.0933218002319
0.087553024292
0.0942659378052
0.0861639976501
0.0979080200195
0.0950820446014
0.0885570049286
0.11881685257
0.11993598938
0.0974929332733
0.0862460136414
0.0982859134674
0.123718976974
0.162818908691
0.0947940349579
0.0870490074158
0.119767189026
0.128035068512
0.102652072906
0.108098983765
0.0999798774719
0.096204996109
0.101798057556
0.105045080185
0.0989379882812
0.0956308841705
0.153547048569
0.123605012894
0.101588964462
0.122129917145
0.136605978012
0.0904710292816
0.100036859512
0.111435890198
0.101525068283
0.0907309055328
0.0950710773468
0.0910081863403
0.152737140656
0.0935070514679
0.0907690525055
0.092915058136
0.0988018512726
0.103954076767
0.0874838829041
0.0907258987427
0.0900459289551
0.12996006012
0.101684808731
0.0910429954529
0.0908291339874
0.095113992691
0.0901820659637
0.0903460979462
0.0945329666138
0.0918560028076
0.114830970764
0.107958078384
0.0943179130554
0.116545200348
0.0870368480682
0.0943751335144
0.0868940353394
0.0890440940857
0.117582082748
0.0877559185028
0.134825944901
0.144577026367
0.0903511047363
0.10467505455
0.158379077911
0.0959088802338
0.104552984238
0.0938830375671
0.100177049637
0.0945160388947
0.0999581813812
0.0874450206757
0.0992569923401
0.0915279388428
0.0925040245056
0.0894420146942
0.0879609584808
0.0973930358887
0.12175989151
0.105799913406
0.0877199172974
0.108787059784
0.118216991425
0.110507965088
0.0987191200256
0.0942921638489
0.0950050354004
0.0919399261475
0.0959680080414
0.0973830223083
0.0920770168304
0.0984411239624
0.0866289138794
0.0892820358276
0.15004491806
0.121726036072
0.0903670787811
0.126091003418
0.141713857651
0.114357948303
0.103581905365
0.0875279903412
0.125818967819
0.165647029877
0.109523057938
0.126482963562
0.0891139507294
0.0985760688782
0.109379053116
0.0938801765442
0.106862068176
0.151571035385
0.108334064484
0.0912668704987
0.1261510849
0.0938949584961
0.10412311554
0.0914368629456
0.117011070251
0.0915188789368
0.0967481136322
0.0959439277649
0.0949110984802
0.13220000267
0.0903730392456
0.104858875275
0.136470079422
0.093719959259
0.0911500453949
0.090852022171
0.0909368991852
0.0897197723389
0.117050170898
0.11611700058
0.115592002869
0.138831853867
0.0944788455963
0.127651929855
0.128494977951
0.119794845581
0.0940139293671
0.11323094368
0.102802991867
0.0854268074036
0.106603860855
0.0871798992157
0.115008831024
0.129976034164
0.15257692337
0.102117061615
0.101561069489
0.0920481681824
0.120943069458
0.147015810013
0.117427825928
0.110697031021
0.100619077682
0.108608007431
0.108463048935
0.134012937546
0.170035839081
0.15465092659
0.115551233292
0.100424051285
0.177061080933
0.109293937683
0.100554943085
0.0970859527588
0.117785930634
0.112679004669
0.112821102142
0.137055873871
0.0975658893585
0.101505994797
0.146380901337
0.104460000992
0.180326938629
0.117331027985
0.160107135773
0.105779886246
0.111293077469
0.131834983826
0.114534139633
0.112910032272
0.116891860962
0.111560106277
0.102351903915
0.116858005524
0.0991761684418
0.0929291248322
0.136178016663
0.12736082077
0.108697891235
0.127107143402
0.104787111282
0.114727973938
0.10339307785
0.129374980927
0.109595060349
0.112469911575
0.11413693428
0.158143043518
0.100242137909
0.120136976242
0.108592987061
0.114174127579
0.136955976486
0.124963998795
0.101167917252
0.10954618454
0.110355138779
0.111373186111
0.131592988968
0.098072052002
0.0944058895111
0.108972072601
0.108858108521
0.109688997269
0.106295108795
0.115727901459
0.109000921249
0.137242078781
0.10914683342
0.103708028793
0.106735944748
0.106746912003
0.105275154114
0.131299972534
0.115000009537
0.130741834641
0.110038042068
0.0960550308228
0.102648019791
0.0997650623322
0.110440015793
0.110887050629
0.10925579071
0.141408920288
0.135123968124
0.158974170685
0.107559919357
0.112565994263
0.1097240448
0.118896007538
0.105101108551
0.101217985153
0.101260900497
0.107211828232
0.136252164841
0.135627985001
0.139100074768
0.0977320671082
0.109196186066
0.100315093994
0.129519939423
0.113240003586
0.101844072342
0.109211921692
0.108705043793
0.108649015427
0.105460882187
0.119580984116
0.137573003769
0.0998940467834
0.10653591156
0.102518081665
0.101933956146
0.113307952881
0.133205890656
0.103573083878
0.084764957428
0.0981950759888
0.108434915543
0.123873949051
0.144130945206
0.113234996796
0.172314882278
0.117946863174
0.149164915085
0.115087985992
0.103311061859
0.116026878357
0.105610132217
0.119558095932
0.0997278690338
0.1428129673
0.114889860153
0.104969024658
0.110624074936
0.0983719825745
0.124422073364
0.10891699791
0.132032871246
0.146330833435
0.1125831604
0.11959695816
0.134559869766
0.102859020233
0.0950198173523
0.105771064758
0.111202001572
0.112558841705
0.115509986877
0.119053840637
0.132579803467
0.0991480350494
0.0978798866272
0.105547904968
0.104797124863
0.134869098663
0.104291915894
0.126839160919
0.110998868942
0.103474140167
0.107617855072
0.108162164688
0.127160072327
0.106960058212
0.146884918213
0.110075950623
0.142132997513
0.138421058655
0.0948779582977
0.112263917923
0.104073047638
0.140033006668
0.104342937469
0.127633094788
0.112254142761
0.102864027023
0.103140115738
0.109316110611
0.102366924286
0.13865685463
0.109228134155
0.0941288471222
0.0924317836761
0.112333059311
0.100769042969
0.0986919403076
0.112479925156
0.111449956894
0.096951007843
0.106125116348
0.106065034866
0.108061075211
0.129169940948
0.107982873917
0.104243040085
0.114029169083
0.110219955444
0.103787899017
0.109887123108
0.105400085449
0.139708995819
0.104992866516
0.116107940674
0.115854978561
0.117846012115
0.119813919067
0.142432928085
0.10749912262
0.103799104691
0.0884430408478
0.119203090668
0.106540203094
0.100087165833
0.1422290802
0.132166862488
0.109381914139
