Experiment Results
3.84446310997
0.526970148087
0.530880212784
0.593172073364
0.503782987595
0.491812944412
0.504005908966
0.590106010437
0.487004995346
0.487554073334
0.490859985352
0.503368139267
0.49413394928
0.546607971191
0.571045160294
0.533815145493
0.530683040619
0.536756038666
0.505516052246
0.510838985443
0.525835990906
0.482392072678
0.553093910217
0.503593921661
0.503359079361
0.500306844711
0.625916957855
0.589484930038
0.594111919403
0.51012301445
0.513479948044
0.531584978104
0.497226953506
0.520226955414
0.505207061768
0.550247907639
0.491191864014
0.50096321106
0.509609937668
0.52407002449
0.572613954544
0.547712087631
0.521826028824
0.528313159943
0.501464128494
0.491050004959
0.547311067581
0.502456903458
0.51102399826
0.526654958725
0.502385139465
0.495640039444
0.521129846573
0.55335187912
0.493646144867
0.515902996063
0.507062911987
0.503116846085
0.497871160507
0.502013921738
0.493668079376
0.504581928253
0.494760036469
0.509135007858
0.491438865662
0.504412889481
0.595380067825
0.49644112587
0.520920991898
0.502247095108
0.545431137085
0.518207073212
0.517151117325
0.494223833084
0.551651000977
0.51821398735
0.534775972366
0.499541044235
0.526639938354
0.51527094841
0.496176958084
0.512294054031
0.523019075394
0.507748126984
0.502315044403
0.571826934814
0.545505046844
0.533007144928
0.513442993164
0.513615846634
0.499120950699
0.500256061554
0.496676921844
0.501300096512
0.500540018082
0.502476930618
0.508013963699
0.502539873123
0.602480173111
0.55156493187
0.526982069016
0.504324913025
0.543613910675
0.667667150497
0.595371961594
0.679483890533
0.608106136322
0.643229961395
0.572892189026
0.528928041458
0.52200293541
0.517673969269
0.503618001938
0.495115041733
0.611581087112
0.558259010315
0.516221046448
0.561688184738
0.523775100708
0.512929201126
0.491524934769
0.492937803268
0.582174062729
0.499071121216
0.4993288517
0.49956703186
0.596048116684
0.541193008423
0.516047954559
0.542035102844
0.498503923416
0.496444940567
0.496086120605
0.536852121353
0.526367902756
0.507936954498
0.586493015289
0.523121833801
0.498064994812
0.494620800018
0.495680093765
0.510083198547
0.617146015167
0.573665857315
0.562605857849
0.518713951111
0.566797018051
0.514559984207
0.5173869133
0.556804895401
0.498298883438
0.560321807861
0.560606956482
0.511965036392
0.499432086945
0.547332048416
0.530922174454
0.533684015274
0.53163599968
0.520422935486
0.571696043015
0.50207400322
0.520354032516
0.496181964874
0.511445045471
0.49854683876
0.49248290062
0.50240111351
0.486127138138
0.494161844254
0.496548175812
0.50609588623
0.553221940994
0.525697946548
0.521806955338
0.508358001709
0.48997592926
0.56698012352
0.518591880798
0.505867004395
0.50199508667
0.541273117065
0.646147012711
0.588903903961
0.598846912384
0.577955961227
0.516031980515
0.541090011597
0.540043830872
0.518562078476
0.491250038147
0.496076822281
0.4983959198
0.500401973724
0.498142957687
0.496471166611
0.510409116745
0.494932889938
0.50154209137
0.494369983673
0.498476028442
0.571198940277
0.611386060715
0.510180950165
0.494310855865
0.501816987991
0.50852894783
0.504861831665
0.532690048218
0.52347612381
0.581691026688
0.498597860336
0.49443602562
0.500301122665
0.492294073105
0.505464076996
0.468810081482
0.494349002838
0.50478219986
0.503084897995
0.525437116623
0.50524687767
0.497576951981
0.501708984375
0.496968984604
0.501967906952
0.495461940765
0.487003803253
0.504252195358
0.472504138947
0.490471124649
0.482405900955
0.472326993942
0.487519025803
0.501728057861
0.50816988945
0.507505178452
0.490321874619
0.492980003357
0.497303009033
0.5004799366
0.499991178513
0.504356861115
0.559563159943
0.522544145584
0.507375955582
0.492846012115
0.497437000275
0.52906703949
0.517785787582
0.483613014221
0.480252027512
0.491245031357
0.5362200737
0.536242961884
0.511395931244
0.537773132324
0.493494033813
0.484451055527
0.496822118759
0.514753103256
0.543452978134
0.5189640522
0.571964979172
0.524465084076
0.513967990875
0.499260902405
0.496360063553
0.527191877365
0.484212875366
0.508548021317
0.603973150253
0.479956865311
0.560683012009
0.506515026093
0.478625059128
0.504093885422
0.515316963196
0.511443138123
0.519979000092
0.478699922562
0.480787038803
0.503937005997
0.490540027618
0.50893497467
0.487365961075
0.544126987457
0.566168069839
0.485656023026
0.522166967392
0.480981111526
0.545164108276
0.551872968674
0.587265014648
0.518450021744
0.511198043823
0.479539871216
0.537712097168
0.479603052139
0.554733037949
0.494911909103
0.536328077316
0.537127017975
0.507513046265
0.517174005508
0.515124082565
0.498631954193
0.495465993881
0.519322872162
0.478716135025
0.494830131531
0.498908042908
0.497976064682
0.508111000061
0.488701105118
0.502892971039
0.574640035629
0.480879068375
0.491010904312
0.489917039871
0.511938095093
0.577841043472
0.581857919693
0.514354944229
0.515039920807
0.490911006927
0.48353600502
0.522516012192
0.497902870178
0.482069015503
0.483595848083
0.484344005585
0.524393081665
0.519113063812
0.499653100967
0.478761196136
0.490643024445
0.541720867157
0.487114906311
0.519191026688
0.474475860596
0.477792978287
0.525022029877
0.481850862503
0.496181964874
0.494500875473
0.511085987091
0.556344985962
0.518810987473
0.508306980133
0.492063045502
0.502783060074
0.497089862823
0.508708953857
0.486846923828
0.502006053925
0.527467012405
0.491158008575
0.481475114822
0.493072986603
0.501451969147
0.501955986023
0.505322933197
0.488161087036
0.526592969894
0.491072177887
0.492781162262
0.512740850449
0.485616922379
0.48517203331
0.541327953339
0.485327959061
0.499029874802
0.500748157501
0.509788990021
0.538716077805
0.502429008484
0.507534980774
0.496788978577
0.495088100433
0.537235975266
0.539300918579
0.51173210144
0.489774942398
0.505234003067
0.543450832367
0.528804063797
0.499958992004
0.510759115219
0.495991945267
0.528445959091
0.494802951813
0.49245095253
0.494379997253
0.493578910828
0.534271001816
0.54533290863
0.591625928879
0.509933948517
0.514467954636
0.502110004425
0.489988803864
0.49379491806
0.502383947372
0.497179985046
0.499531984329
0.500904083252
0.496248006821
0.502661943436
0.494208097458
0.587055921555
0.589632987976
0.512664079666
0.49712896347
0.49319601059
0.558385848999
0.518893003464
0.502848863602
0.540294885635
0.58284497261
0.529464006424
0.535362958908
0.501881122589
0.549611091614
0.495770931244
0.487077951431
0.478157997131
0.553706884384
0.522390127182
0.543781995773
0.489500045776
0.494072914124
0.501852035522
0.489334821701
0.542256832123
0.551347970963
0.505095005035
0.500127077103
0.578698158264
0.514545917511
0.504395008087
0.498982906342
0.495172977448
0.518881082535
0.487199068069
0.497430086136
0.515316963196
0.49382686615
0.493065834045
0.512268066406
0.519383907318
0.497685909271
0.517050027847
0.523884057999
0.499278068542
0.503260850906
0.496883869171
0.503756046295
0.556037902832
0.501971960068
0.526078939438
0.507063150406
0.524971961975
0.506403923035
0.497694969177
0.51505112648
0.485264062881
0.510496139526
0.481287002563
0.505238056183
0.524016141891
0.508777141571
0.50977396965
0.49956703186
0.505228042603
0.498244047165
0.498997926712
0.53023314476
0.488027095795
0.488082885742
0.488077163696
0.500535011292
0.493141174316
0.539213895798
0.510906934738
0.474076032639
0.557453155518
0.517149925232
0.486190080643
0.510390996933
0.48853302002
0.486448049545
0.509401082993
0.499061822891
0.524651050568
0.514497041702
0.515259027481
0.472102880478
0.487111091614
0.511258840561
0.548843860626
0.493052959442
0.489287853241
0.495478153229
0.506255865097
0.499976873398
0.492892026901
0.502724170685
0.49397778511
0.532822132111
0.541613101959
0.49497795105
0.478585958481
0.565138101578
0.539597034454
0.523443937302
0.516001224518
0.512009143829
0.47674703598
0.509019136429
0.534959077835
0.524842023849
0.486924886703
0.515548944473
0.490244865417
0.557520151138
0.487828016281
0.503458023071
0.489981889725
0.521656990051
0.49981212616
0.491389036179
0.496243953705
0.529465198517
0.486914157867
0.505432128906
0.483112096786
0.518540143967
0.514627933502
0.581614971161
0.503223896027
0.499525785446
0.48982000351
0.501056909561
0.526840209961
0.479486942291
0.504011154175
0.530929088593
0.555177927017
0.510035991669
0.491189002991
0.501841068268
0.500323057175
0.492938041687
0.504446029663
0.519984960556
0.484414815903
0.506968021393
0.491612195969
0.530356168747
0.528486013412
0.504775047302
0.531856060028
0.494467020035
0.510201931
0.480704069138
0.559260129929
0.502885818481
0.512238025665
0.511846065521
0.518481016159
0.481308937073
0.494342088699
0.495656013489
0.498817920685
0.498044967651
0.502332925797
0.516810178757
0.47625207901
0.488057851791
0.502164125443
0.483569145203
0.489161968231
0.557832956314
0.668301105499
0.602209091187
0.586277961731
0.595104932785
0.54390001297
0.554900884628
0.525207996368
0.5070707798
0.514816045761
0.474173069
0.495471000671
0.60046505928
0.507616996765
0.512804985046
0.50423002243
0.538105010986
