Experiment Results
4.20275902748
0.65959405899
0.787832021713
0.715445995331
0.679600954056
0.737892150879
0.691289186478
0.696151971817
0.694272041321
0.68613910675
0.686840057373
0.686411142349
0.714539051056
0.720659971237
0.699467182159
0.79923081398
0.70824098587
0.691831111908
0.720180034637
0.695926904678
0.687129974365
0.687070846558
0.703433036804
0.696094989777
0.804105043411
0.696268081665
0.688933849335
0.698681116104
0.702238082886
0.837349891663
0.722537994385
0.77956199646
1.05082583427
0.707293987274
0.697575807571
0.738285064697
0.804156064987
0.693802118301
0.719925880432
0.918666124344
0.811074018478
0.690799951553
0.694985866547
0.68548989296
0.698019981384
0.707346200943
0.690114021301
0.719204902649
0.689426898956
0.704370975494
0.720011949539
0.740975141525
0.703423976898
0.687123060226
0.72957777977
0.722202062607
0.689091920853
0.688441991806
0.740472078323
0.695030927658
0.690224885941
0.697206020355
0.690421819687
0.690753936768
0.739937067032
0.780113935471
0.770957946777
0.694604158401
0.725547790527
0.695602178574
0.693852901459
0.692142009735
0.726898908615
0.688766002655
0.686449050903
0.689800977707
0.878717184067
0.704407930374
0.689704179764
0.973487138748
0.730303049088
0.688315153122
0.734641075134
0.743739843369
0.73270201683
0.701472043991
0.696869134903
0.689353942871
0.705346107483
0.725477933884
0.68993806839
0.689650058746
0.697865962982
0.692686080933
0.866532087326
0.771461009979
0.808772087097
0.743773937225
0.685694932938
0.690228939056
0.730734109879
0.690848827362
0.698609828949
0.702046871185
0.688793897629
0.685935020447
0.721770048141
0.686531066895
0.688096046448
0.688744783401
0.719810009003
0.767215013504
0.692528009415
0.691909074783
0.711103200912
0.700160980225
0.699848175049
0.697667121887
0.706099033356
0.690117835999
0.694638967514
0.689906835556
0.691172122955
0.703295946121
0.719522953033
0.793741941452
0.815062999725
0.697131156921
0.689147949219
0.693876981735
0.702116012573
0.69924902916
0.69612121582
0.701912879944
0.786158800125
0.701924085617
0.692174911499
0.690885066986
0.694310903549
0.699105024338
0.727705001831
0.834243059158
0.743448019028
0.674706935883
0.690333843231
0.735043048859
0.705618143082
0.703984022141
0.702263832092
0.72297501564
0.775506019592
0.694495916367
0.706650018692
0.690316200256
0.692693948746
0.703613042831
0.690187931061
0.695979118347
0.691321849823
0.702274084091
0.72638297081
0.743548870087
0.704074859619
0.694061040878
0.6999168396
0.72505903244
0.694338083267
0.700406074524
0.694893121719
0.701720952988
0.718716859818
0.699527025223
0.755964994431
0.778011083603
0.745131969452
0.698309898376
0.783631801605
0.744165182114
0.700545072556
0.768040180206
0.697796106339
0.700069904327
0.697254180908
0.709728956223
0.687843799591
0.827082872391
0.747106075287
0.694779157639
0.858211040497
0.6989839077
0.687043190002
0.709228038788
0.692656040192
0.691418170929
0.769846916199
0.695233106613
0.698269844055
0.696352958679
0.711220979691
0.698395967484
0.697309970856
0.694080114365
0.852044820786
0.709797859192
0.697884082794
0.734368801117
0.708137989044
0.701499938965
0.697642087936
0.694941997528
0.695012807846
0.726264953613
0.693821907043
0.69708609581
0.697797060013
0.694620847702
0.696927070618
0.808130979538
0.76874089241
0.727105855942
0.76589012146
0.699491024017
0.700466871262
0.716013908386
0.699084997177
0.822700977325
0.770539999008
0.743082046509
0.739362955093
0.719115018845
0.700901031494
0.699102878571
0.812039852142
0.696184158325
0.723555088043
0.709218978882
0.766391038895
0.859138965607
0.70605802536
0.699658870697
0.741114854813
0.695819139481
0.697561979294
0.71612405777
0.715624094009
0.697995185852
0.698137044907
0.727199077606
0.698641777039
0.694417953491
0.700047969818
0.713901996613
0.825174093246
0.729212999344
0.700402975082
0.697441101074
0.731547117233
0.691735982895
0.75130200386
0.697443962097
0.825198173523
0.754698038101
0.793828964233
0.755149126053
0.692984819412
0.691061019897
0.704188108444
0.818254947662
0.696336984634
0.702090978622
0.762069940567
0.698246955872
0.712819099426
0.719992876053
0.742916822433
0.745137929916
0.724557876587
0.70450592041
0.824996232986
0.76140499115
0.775849103928
0.700236082077
0.692685127258
0.690453052521
0.689535140991
0.691261053085
0.692910194397
0.706779956818
0.802759885788
0.69983792305
0.777064085007
0.788079023361
0.720798015594
0.693675994873
0.719613075256
0.68894982338
0.696115970612
0.695319890976
0.69433093071
0.693598031998
0.716017007828
0.700179100037
0.778638839722
0.708728075027
0.81317782402
0.700969934464
0.75964307785
0.718924999237
0.767366886139
0.715702056885
0.693034887314
0.785603046417
0.770729064941
0.724299907684
0.722778081894
0.707904100418
0.697130203247
0.800499916077
0.697610139847
0.696078062057
0.692318916321
0.705216884613
0.697361946106
0.696903944016
0.689345836639
0.708838939667
0.689234018326
0.689898014069
0.706429004669
0.700688838959
0.687477827072
0.687812805176
0.730655193329
0.692093849182
0.702772140503
0.718632936478
0.699600934982
0.726431131363
0.7496778965
0.71112203598
0.693068981171
0.744630098343
0.861783027649
0.701766014099
0.702905893326
0.693506002426
0.693070888519
0.697963953018
0.725697040558
0.772092103958
0.698748826981
0.697932004929
0.698385953903
0.699963092804
0.690349817276
0.697427988052
0.706817865372
0.727699995041
0.693317890167
0.691525936127
0.69194483757
0.69425702095
0.695586919785
0.700932979584
0.733870029449
0.695666074753
0.703168869019
0.697400808334
0.729661941528
0.70075917244
0.703705787659
0.71838092804
0.699110031128
0.708611011505
0.703637123108
0.697146892548
0.692803859711
0.694332838058
0.7112159729
0.70997095108
0.775432825089
0.778653144836
0.693550109863
0.7233710289
0.733486175537
0.693007946014
0.692170143127
0.694073915482
0.694884061813
0.692023038864
0.720458984375
0.707414865494
0.761531114578
0.708676815033
0.69460606575
0.777885913849
0.783184051514
0.699776172638
0.724837064743
0.695868015289
0.713140010834
0.691979885101
0.694088935852
0.6951649189
0.699527978897
0.691174983978
0.691646099091
0.721727132797
0.696918010712
0.706206083298
0.695823192596
0.688585042953
0.695322036743
0.698990821838
0.690450191498
0.696753978729
0.695308923721
0.741478919983
0.703896045685
0.714506149292
0.798372983932
0.784406900406
0.785739898682
0.819626092911
0.7676820755
0.712208032608
0.732625007629
0.774160146713
0.734213113785
0.724359989166
0.766016960144
0.713622093201
0.715325117111
0.7836561203
0.801244020462
0.740108966827
0.707985162735
0.740540981293
0.715605974197
0.709499120712
0.774430990219
0.672152042389
0.728342056274
0.717024803162
0.783128023148
0.713023900986
0.795976161957
0.827684879303
0.806708812714
0.776059865952
0.780161857605
0.775959014893
0.714308977127
0.713309049606
0.78248500824
0.718024969101
0.780609130859
0.718073129654
0.74654507637
0.783157110214
0.757216930389
0.764091968536
0.731001853943
0.748412132263
0.725517988205
0.703225135803
0.697436094284
0.848246097565
0.738721847534
0.713228940964
0.800343990326
0.722885131836
0.762671947479
0.823829174042
0.759163856506
0.789056062698
0.720458984375
0.733533143997
0.72040605545
0.740641832352
0.788860082626
0.77738904953
0.727141857147
0.765716075897
0.733618021011
0.780766963959
0.718940973282
0.766396999359
0.697511911392
0.686760902405
0.770117998123
0.688043117523
0.734369039536
0.699843168259
0.706089019775
0.700172901154
0.702878952026
0.702025175095
0.75803399086
0.757658958435
0.695500850677
0.693096876144
0.747064113617
0.696393013
0.7035779953
0.725825071335
0.767926931381
0.764222145081
0.70897603035
0.698843002319
0.696770906448
0.732641935349
0.683140039444
0.69637799263
0.719222068787
0.65548992157
0.698553085327
0.685121059418
0.696227073669
0.746803998947
0.765925884247
0.703886032104
0.704262018204
0.678247928619
0.710104942322
0.710083961487
0.68571305275
0.753124952316
0.732970952988
0.692515850067
0.709661006927
0.688251018524
0.709187030792
0.693412065506
0.685158014297
0.720236063004
0.699924945831
0.689605951309
0.701209068298
0.723798036575
0.719227075577
0.72346997261
0.681085109711
0.69936299324
0.728384017944
0.701898813248
0.692306995392
0.693307876587
0.719107866287
0.778869867325
0.662431955338
0.701233148575
0.740676879883
0.655246019363
0.693544864655
0.688920021057
0.696511983871
0.709843873978
0.741818904877
0.723113059998
0.717129945755
0.7190990448
0.67929816246
0.733198881149
0.697817087173
0.698276042938
0.692572832108
0.694328784943
0.681485176086
0.729536056519
0.686387062073
0.709524154663
0.719255924225
0.692291021347
0.687674999237
0.692545890808
0.702012777328
0.735224962234
0.690096855164
0.684006929398
0.686662912369
0.695955038071
0.685450077057
0.656775951385
0.744826078415
0.696905136108
0.717838048935
0.764541149139
0.690372943878
0.729630947113
0.709530115128
0.689752101898
0.754065990448
0.740065097809
0.682413101196
0.691430091858
0.702875137329
0.691719055176
0.69819188118
0.682968854904
