Experiment Results
3.13718414307
0.253932952881
0.249404907227
0.231666088104
0.22570514679
0.284956932068
0.27086687088
0.250238895416
0.255650997162
0.219898939133
0.218325853348
0.276206016541
0.271602869034
0.225136041641
0.218019008636
0.218341112137
0.255175113678
0.219375133514
0.234884977341
0.222596883774
0.223332166672
0.220215797424
0.2757999897
0.219221115112
0.280380964279
0.220453977585
0.228068113327
0.218034029007
0.22300195694
0.219098806381
0.219143867493
0.219657182693
0.243144989014
0.220276117325
0.227144956589
0.234086036682
0.219383001328
0.218249082565
0.25048995018
0.263158082962
0.283756971359
0.263188838959
0.22399687767
0.244168043137
0.282641887665
0.27978515625
0.272981882095
0.224031209946
0.248558044434
0.228935003281
0.224565029144
0.253224134445
0.223959922791
0.298964977264
0.267858982086
0.225159168243
0.224230051041
0.252288103104
0.22391295433
0.224337816238
0.263909816742
0.225664138794
0.223562955856
0.24076294899
0.275053024292
0.274146795273
0.260252952576
0.273656845093
0.223278999329
0.236575126648
0.223740100861
0.235688924789
0.229058027267
0.258476018906
0.222817897797
0.283899068832
0.265912055969
0.226398944855
0.224938154221
0.249581813812
0.223920106888
0.268155097961
0.226190090179
0.225158214569
0.271682024002
0.22819685936
0.269615888596
0.233606100082
0.282139062881
0.342616081238
0.247660160065
0.298905134201
0.246720075607
0.237941980362
0.215855121613
0.270303010941
0.235336065292
0.24192404747
0.282205820084
0.233417034149
0.233315944672
0.277593851089
0.233793973923
0.238696098328
0.234194040298
0.233033895493
0.262424945831
0.233323097229
0.234597921371
0.266747951508
0.243025064468
0.274614810944
0.234393119812
0.219036102295
0.278442144394
0.233257055283
0.241734981537
0.233059883118
0.335258960724
0.239498853683
0.232214927673
0.246177196503
0.237314939499
0.237591981888
0.238716125488
0.235105991364
0.288506984711
0.257421970367
0.236430883408
0.282142877579
0.274827957153
0.235806941986
0.279968976974
0.235239982605
0.233193874359
0.237143993378
0.232607841492
0.244049072266
0.264997005463
0.264984846115
0.233241796494
0.232424020767
0.23410487175
0.253697156906
0.234671115875
0.278040885925
0.237126111984
0.288697004318
0.269228935242
0.284465074539
0.248972892761
0.29726600647
0.289572954178
0.245386123657
0.269356966019
0.2874147892
0.269762992859
0.278934955597
0.337985992432
0.279512166977
0.326297998428
0.23644900322
0.277371168137
0.29109621048
0.281356096268
0.318539857864
0.250421047211
0.266245126724
0.234783887863
0.278086900711
0.249806165695
0.233508110046
0.236463069916
0.306964874268
0.232798099518
0.241914987564
0.238394021988
0.232898950577
0.237801074982
0.233249187469
0.295150995255
0.289864063263
0.28476190567
0.243214130402
0.276563167572
0.276559114456
0.276939868927
0.23716211319
0.283728122711
0.294710159302
0.282951116562
0.336405992508
0.260327100754
0.232600927353
0.318959951401
0.268612861633
0.250972032547
0.253817081451
0.237366914749
0.282814025879
0.288455963135
0.337463855743
0.332417964935
0.294172048569
0.382543087006
0.321688890457
0.284020900726
0.293473958969
0.284030199051
0.306941986084
0.335259914398
0.269918203354
0.350181102753
0.338937997818
0.315124034882
0.285264015198
0.270665884018
0.279232025146
0.281539916992
0.281238794327
0.293083906174
0.280849933624
0.312887907028
0.313930034637
0.299710988998
0.289290904999
0.313523769379
0.280351161957
0.28355884552
0.320603847504
0.401427984238
0.332112789154
0.356375932693
0.234835863113
0.31019115448
0.23721909523
0.27577495575
0.236975908279
0.239765882492
0.281234025955
0.30685210228
0.279779911041
0.298556089401
0.277889966965
0.227871894836
0.25194978714
0.297461032867
0.220476865768
0.256519079208
0.24079990387
0.268395900726
0.242511034012
0.246366977692
0.242787837982
0.255242109299
0.239552974701
0.242933988571
0.240406036377
0.244754076004
0.245475769043
0.334774017334
0.241430997849
0.253234863281
0.256366968155
0.237967967987
0.258899927139
0.239538908005
0.249615192413
0.274039030075
0.266490936279
0.246027946472
0.261276006699
0.250914096832
0.239613056183
0.238703012466
0.262255191803
0.232311010361
0.26792383194
0.288521051407
0.299710035324
0.265632867813
0.284158945084
0.242347955704
0.272161960602
0.286940097809
0.283886909485
0.238281965256
0.249307155609
0.245256900787
0.231934070587
0.256617069244
0.239502906799
0.278306007385
0.260272026062
0.224400997162
0.261746168137
0.238445043564
0.270440816879
0.235008001328
0.29892706871
0.270738124847
0.239797830582
0.249210119247
0.239567995071
0.248732089996
0.267280101776
0.25986790657
0.297496080399
0.29437994957
0.27917599678
0.241972923279
0.256833076477
0.27156496048
0.242062091827
0.278205156326
0.293770074844
0.286312103271
0.219225168228
0.267132043839
0.297290086746
0.278213024139
0.251338005066
0.278651952744
0.234439134598
0.235064983368
0.278294801712
0.282237052917
0.265424013138
0.217714071274
0.25514793396
0.276437044144
0.221964836121
0.292970180511
0.302257061005
0.277158975601
0.234993934631
0.269642114639
0.353497028351
0.286632061005
0.243661165237
0.277832984924
0.234670877457
0.23943901062
0.238420009613
0.265184879303
0.234950065613
0.283874034882
0.280815124512
0.225507974625
0.282081127167
0.256894111633
0.241506814957
0.238549947739
0.243173837662
0.252917051315
0.235372066498
0.246940135956
0.283651828766
0.27180814743
0.323637962341
0.236869096756
0.241395950317
0.246795892715
0.255028963089
0.262820959091
0.249432086945
0.263517141342
0.277012825012
0.275319099426
0.265048027039
0.296898841858
0.240375041962
0.234341859818
0.303894996643
0.294804096222
0.238209009171
0.240604877472
0.233145952225
0.302391052246
0.271679162979
0.274386167526
0.235034942627
0.266688108444
0.235961198807
0.268355131149
0.27330994606
0.281126976013
0.267915010452
0.269378900528
0.222329139709
0.272130012512
0.235236883163
0.262159109116
0.234363079071
0.248774051666
0.277188062668
0.243172883987
0.241878032684
0.239065885544
0.237277984619
0.234789848328
0.241544008255
0.23638010025
0.260937213898
0.256426095963
0.240025043488
0.291110992432
0.239654064178
0.243168115616
0.295397043228
0.26029086113
0.391100168228
0.241323947906
0.235230922699
0.262104034424
0.234338998795
0.24658203125
0.243016958237
0.281126976013
0.24574804306
0.333688020706
0.260832071304
0.264075040817
0.249711990356
0.305449008942
0.262446880341
0.257646083832
0.315877914429
0.248701095581
0.30613899231
0.29061293602
0.292504072189
0.27296090126
0.288434028625
0.291115999222
0.243896007538
0.245404005051
0.247447967529
0.264014959335
0.246145009995
0.328350067139
0.248480081558
0.248438835144
0.250347852707
0.253220081329
0.31935095787
0.277502059937
0.250452041626
0.350181818008
0.289844989777
0.28364610672
0.375241041183
0.265902996063
0.29793715477
0.288594961166
0.284532785416
0.264134168625
0.257034063339
0.29163813591
0.268866062164
0.247522115707
0.307003974915
0.298354148865
0.267906188965
0.296405076981
0.29882478714
0.306168079376
0.299427986145
0.314812898636
0.352859973907
0.30629491806
0.267105102539
0.255128145218
0.361481904984
0.311013936996
0.37362909317
0.31717300415
0.324562072754
0.262043952942
0.319813966751
0.290595054626
0.277684926987
0.375907182693
0.331909894943
0.306021213531
0.402413845062
0.437910079956
0.346212863922
0.295950889587
0.289034843445
0.314064025879
0.332787036896
0.375102996826
0.304270029068
0.290277004242
0.292976856232
0.302706956863
0.276298046112
0.302158117294
0.269842863083
0.257818937302
0.305736780167
0.275450944901
0.281605005264
0.248456954956
0.269222974777
0.252218961716
0.341925859451
0.355120897293
0.25466799736
0.315268039703
0.380778074265
0.326853990555
0.322954893112
0.332024097443
0.323004007339
0.304182052612
0.253230810165
0.310976028442
0.301584005356
0.317998886108
0.277183055878
0.239897012711
0.338698863983
0.27599978447
0.311357975006
0.256263017654
0.328726053238
0.302962064743
0.314213037491
0.296293020248
0.301302909851
0.298704147339
0.301005125046
0.301718950272
0.305589199066
0.304959058762
0.261904001236
0.313670873642
0.357393980026
0.259582042694
0.310731887817
0.353662014008
0.302558898926
0.304644107819
0.300036907196
0.283041954041
0.297301054001
0.320786952972
0.298654079437
0.303134918213
0.354883909225
0.287199020386
0.375506162643
0.385301113129
0.319455862045
0.250244855881
0.299114942551
0.319714069366
0.327376127243
0.323577880859
0.291893005371
0.253814220428
0.292392969131
0.292703866959
0.294950008392
0.304342031479
0.348850011826
0.246692895889
0.297501802444
0.327122926712
0.403502941132
0.310664176941
0.243285179138
0.30043888092
0.262457847595
0.321514129639
0.282031059265
0.291021823883
0.329617977142
0.302854061127
0.279181003571
0.310487031937
0.294253826141
0.31206703186
0.319615125656
0.297336816788
0.296729803085
0.29998087883
0.298238039017
0.385262966156
0.362612009048
0.27606010437
0.320707082748
0.325588941574
0.361312150955
0.267012119293
0.255102872849
0.254920005798
0.306749105453
