Experiment Results
4.16499209404
0.622937917709
0.684226036072
0.683246135712
0.663806915283
0.703219890594
0.717614173889
0.676859855652
0.710955858231
0.653352022171
0.689065933228
0.687346935272
0.743726968765
0.774762868881
0.89524102211
0.760577917099
0.808099031448
0.982466936111
0.709600925446
0.692406892776
0.696842908859
0.724629878998
0.770992994308
0.690747976303
0.69926905632
0.700469017029
0.695524930954
0.695791006088
0.695068120956
0.696267843246
0.727931976318
0.724693059921
0.696871042252
0.693083047867
0.717587947845
0.719313144684
0.892313957214
0.7345058918
0.806308031082
0.812371015549
0.78804397583
0.861170053482
0.710375070572
0.699797153473
0.696220874786
0.707169055939
0.73215007782
0.710652112961
0.728978157043
0.70588684082
0.699543952942
0.6997859478
0.72380399704
0.70604300499
0.69561290741
0.730752944946
0.771930932999
0.702029943466
0.906248092651
0.751734018326
0.780022859573
0.705312013626
0.695907115936
0.724577903748
0.696084976196
0.695781946182
0.692742824554
0.690759181976
0.703713178635
0.817042827606
0.918003082275
0.73664188385
0.710022926331
0.708086013794
0.695731163025
0.707527160645
0.80863404274
0.695639133453
0.700819969177
0.689170837402
0.694171190262
0.7307741642
0.691797018051
0.6901679039
0.689816951752
0.712380886078
0.691684961319
0.697679042816
0.692104101181
0.693653106689
0.697500944138
0.700597047806
0.697885036469
0.691284179688
0.694506883621
0.689277887344
0.694240093231
0.704661846161
0.81051492691
0.803158044815
0.696616888046
0.689417123795
0.789367198944
0.69371509552
0.699651956558
0.69470500946
0.701299190521
0.707827806473
0.692132949829
0.696483850479
0.710562944412
0.693783998489
0.785305976868
0.758579015732
0.749514818192
0.691037893295
0.701771020889
0.730897188187
0.689656972885
0.690265893936
0.75905418396
0.82265496254
0.777871131897
0.698875904083
0.717996120453
0.719439029694
0.693754911423
0.833784103394
0.753650903702
0.696588039398
0.693120002747
0.694792032242
0.777629137039
0.71318602562
0.74821305275
0.752068996429
0.773586034775
0.74537396431
0.697271823883
0.695816993713
0.698617935181
0.702402114868
0.693939208984
0.690663099289
0.702491044998
0.69756603241
0.690197944641
0.686259031296
0.686908960342
0.708306789398
0.842777967453
0.840095996857
0.728562116623
0.764945030212
0.711961984634
0.688555955887
0.703454017639
0.741369009018
0.735347986221
0.762797832489
0.827714920044
0.734806060791
0.729207038879
0.699280977249
0.692469120026
0.682540893555
0.703557014465
0.688744068146
0.72397685051
0.755278110504
0.777852058411
0.69796204567
0.689739942551
0.689169168472
0.68957400322
0.716302871704
0.702079057693
0.841737985611
0.695350885391
0.750222921371
0.726896047592
0.706322908401
0.698804855347
0.6997859478
0.698714017868
0.693315029144
0.698573827744
0.699202060699
0.698358058929
0.687976121902
0.717131137848
0.695547819138
0.694878101349
0.766036987305
0.703027009964
0.688601970673
0.709167957306
0.696527957916
0.703087091446
0.692356109619
0.739327907562
0.694926977158
0.718116044998
0.733865976334
0.885568857193
0.770634174347
0.692286968231
0.724701881409
0.730472803116
0.730579853058
0.776875972748
0.70819401741
0.816500902176
0.778037071228
0.694867134094
0.692253112793
0.696779966354
0.712771892548
0.775281906128
0.711398839951
0.694519996643
0.694794893265
0.739742040634
0.729702949524
0.732795953751
0.69825387001
0.688812017441
0.689265012741
0.705548048019
0.715631961823
0.784142017365
0.745188951492
0.708641052246
0.690547943115
0.732788801193
0.777121067047
0.81822514534
0.718281984329
0.69434595108
0.708413124084
0.749505996704
0.720147132874
0.689229011536
0.727600097656
0.72716999054
0.692755937576
0.693941116333
0.846336841583
0.723603963852
0.698945999146
0.695441961288
0.6980240345
0.701415061951
0.702697992325
0.727573871613
0.844188928604
0.721593141556
0.716418027878
0.699288845062
0.708301067352
0.70415687561
0.702814817429
0.702505111694
0.702935218811
0.718171834946
0.734074115753
0.731219053268
0.692039012909
0.695392131805
0.702530860901
0.697163820267
0.716158866882
0.725985050201
0.703534841537
0.775389909744
0.873231887817
0.697023868561
0.690328121185
0.690316200256
0.8019490242
0.697089195251
0.694046020508
0.752567052841
0.736506938934
0.700010061264
0.70614695549
0.816684961319
0.700151920319
0.697252035141
0.804932832718
0.706462144852
0.696670055389
0.690468072891
0.741436004639
0.710793018341
0.763478040695
0.854034900665
0.87709403038
0.737420797348
0.838119983673
0.698241233826
0.691728115082
0.731001853943
0.735651016235
0.743801116943
0.748608112335
0.691723108292
0.70617389679
0.697853088379
0.693214893341
0.694388151169
0.697062969208
0.693960905075
0.7331199646
0.70151591301
0.693223953247
0.699540138245
0.739953994751
0.81380200386
0.754534006119
0.696811914444
0.729824781418
0.750290155411
0.721194028854
0.696952819824
0.745867013931
0.761991977692
0.69805598259
0.695868968964
0.732216119766
0.729528188705
0.697391033173
0.704322099686
0.663347959518
0.717338085175
0.702613115311
0.730390071869
0.706712007523
0.792369127274
0.733048915863
0.695811033249
0.70121884346
0.745854139328
0.714624881744
0.701435089111
0.768126964569
0.692191839218
0.806674957275
0.705094099045
0.691764831543
0.693417787552
0.705667972565
0.704700946808
0.707766056061
0.694225072861
0.696460962296
0.695085048676
0.691224098206
0.710760116577
0.885660171509
0.773011922836
0.79342508316
0.955028057098
0.708743095398
0.690682172775
0.695163965225
0.695641994476
0.693830966949
0.696447134018
0.706806898117
0.696295976639
0.693177938461
0.789096832275
0.702924013138
0.884639024734
0.713960886002
0.698517084122
0.754655122757
0.735321044922
0.697990894318
0.809600830078
0.792371988297
0.784941911697
0.714631795883
0.768408060074
0.712371110916
0.721819877625
0.730507850647
0.697429895401
0.699056863785
0.700092077255
0.732644796371
0.706671953201
0.713126897812
0.706937074661
0.752638101578
0.783448934555
0.740364074707
0.712906122208
0.692193984985
0.728752851486
0.729540109634
0.743759155273
0.698036909103
0.799947023392
0.768746137619
0.706130981445
0.696954965591
0.721473932266
0.665874958038
0.700634002686
0.713106155396
0.699728965759
0.697365999222
0.694247961044
0.704538106918
0.695453882217
0.696526050568
0.716054916382
0.73481297493
0.694774866104
0.69967508316
0.730023860931
0.889865875244
0.740437984467
0.733553886414
0.705572128296
0.696744918823
0.695899963379
0.699238061905
0.70038318634
0.697184801102
0.70684504509
0.697298049927
0.694814920425
0.78257393837
0.706071138382
0.697443008423
0.696224927902
0.706098079681
0.694170951843
0.699476003647
0.692219018936
0.697510957718
0.703999042511
0.707672119141
0.726171970367
0.726724863052
0.708443880081
0.708546161652
0.736608028412
0.722688913345
0.716048002243
0.705503940582
0.69985294342
0.83865904808
0.680038928986
0.6707239151
0.674140930176
0.693133831024
0.667627096176
0.676415920258
0.675412893295
0.682176113129
0.687676906586
0.698163032532
0.722101926804
0.822604179382
0.772857904434
0.675325870514
0.742475032806
0.676795005798
0.712545871735
0.663239002228
0.762603998184
0.678025960922
0.66463804245
0.677042961121
0.681092023849
0.704248189926
0.666565895081
0.816067934036
0.667766094208
0.787155151367
0.676239967346
0.725754022598
0.675760984421
0.685492038727
0.663790941238
0.657711982727
0.660353183746
0.691368818283
0.67250418663
0.691796779633
0.691054105759
0.661758899689
0.749727010727
0.772308111191
0.702829122543
0.707582950592
0.821161985397
0.678398132324
0.675410032272
0.663635015488
0.667660951614
0.78420996666
0.712985992432
0.796685218811
0.72375702858
0.76696896553
0.792752981186
0.701452970505
0.693884134293
0.676289081573
0.698584079742
0.680254936218
0.704938173294
0.701368093491
0.695409059525
0.690587043762
0.742332935333
0.690753936768
0.682534217834
0.709753036499
0.695881128311
0.761439085007
0.735532999039
0.741270065308
0.666625022888
0.681828975677
0.662235975266
0.665324211121
0.663325786591
0.658885002136
0.666460037231
0.705921888351
0.663522958755
0.68175983429
0.669461011887
0.661886930466
0.684401988983
0.700263977051
0.690857172012
0.697669029236
0.682501077652
0.763219118118
0.757761001587
0.686185121536
0.5823969841
0.55588889122
0.560126066208
0.594612121582
0.590903043747
0.617040157318
0.731949090958
0.663777112961
0.575857877731
0.596393823624
0.674928188324
0.659820079803
0.554794073105
0.552474021912
0.556993961334
0.611444950104
0.60474395752
0.6246509552
0.764459848404
0.693659067154
0.699794054031
0.701074123383
0.677088975906
0.664630174637
0.678627967834
0.727572917938
0.708753108978
0.67017698288
0.68959903717
0.691159963608
0.697386980057
0.661290168762
0.655826091766
0.666397094727
0.670079946518
0.667322874069
0.791657924652
0.797195911407
0.752212047577
0.676723957062
0.664160013199
0.693228006363
0.697129964828
0.720798015594
0.779483795166
0.670156002045
0.663480997086
0.660629034042
0.712073802948
0.866003036499
0.770333766937
0.712463140488
