Experiment Results
87.9351980686
71.6122658253
65.4912598133
53.2988390923
50.4953589439
48.637032032
48.3631110191
37.7588319778
37.2921841145
36.7162621021
36.6323628426
34.8602178097
34.3395390511
33.9352231026
33.5292539597
31.9161701202
31.7368731499
31.3648228645
31.10272789
30.8967089653
30.2726778984
30.165982008
29.9336969852
29.5531330109
29.4916479588
28.6194448471
28.5582668781
27.843184948
26.7593998909
26.5486240387
26.2152650356
24.9967570305
24.6838679314
24.5202741623
23.8917620182
23.449409008
21.9163789749
21.4426841736
21.6495239735
21.1826300621
21.0054109097
20.0426790714
19.7788689137
18.8456671238
18.5275170803
18.5999338627
18.4568350315
17.8800189495
17.8708889484
17.633769989
17.4668681622
17.605850935
17.0638370514
16.5716688633
16.5233998299
16.2874798775
16.1610298157
15.6591360569
15.643723011
15.2515289783
15.228110075
14.8906230927
14.7568609715
14.348503828
14.0970640182
14.0636799335
13.9965589046
14.0501008034
13.7977490425
13.7834978104
13.4101269245
13.5864520073
13.7273738384
13.2206470966
13.0935909748
13.4131519794
13.0352051258
13.1864180565
12.9135818481
13.2116820812
12.7175378799
12.9833061695
12.777271986
12.492413044
12.8382411003
12.8317708969
12.4575560093
12.4178700447
12.0381150246
12.1396701336
11.8543729782
12.1631259918
11.8160691261
11.8028781414
11.793612957
11.64884305
11.4875187874
11.4444441795
11.4403870106
11.4828600883
84.1779561043
71.7636659145
65.7332129478
53.3207199574
50.5737810135
48.5146651268
48.3776390553
37.6078879833
37.2328648567
36.9686398506
36.4858589172
34.9230549335
34.6187820435
33.7308530807
33.3412120342
32.0179429054
31.6659989357
31.6522290707
31.1698250771
30.8193659782
30.1085019112
29.9107050896
30.1768789291
29.2321798801
29.4456641674
28.638448
28.5766289234
27.6970717907
26.3221540451
26.3375999928
25.9036431313
25.0859568119
24.9538857937
23.9809279442
23.931899786
23.3392109871
21.7243750095
21.6818330288
21.3845360279
20.9203519821
21.274887085
20.032476902
19.7396371365
19.0452148914
18.6569259167
18.4654541016
18.2212100029
17.9812729359
17.9865238667
17.7029399872
17.5280349255
17.1604480743
16.850178957
16.7918360233
16.626707077
16.0649979115
15.9362659454
15.6120979786
15.6198050976
14.9605679512
15.2554581165
15.0747919083
14.6418609619
14.4408919811
14.4435529709
13.9478070736
13.8391909599
13.9837081432
14.0021021366
13.5808241367
13.2873308659
14.0072529316
13.3110890388
13.4688179493
12.9550199509
13.320166111
13.0802249908
12.9414999485
13.3607409
12.9414138794
12.6954450607
13.1257398129
12.7820198536
12.6840381622
12.3434500694
12.6136260033
12.4269411564
12.4113490582
12.0383489132
11.9668040276
12.0670619011
11.9920139313
11.7326290607
11.8202610016
11.6669530869
11.4143519402
11.5159161091
11.4003448486
11.819988966
11.0743160248
83.980437994
71.5910701752
65.7151780128
53.4351089001
50.6261210442
48.5992090702
48.4206261635
37.5993020535
37.4634160995
36.4952399731
36.4505848885
34.8428068161
34.2016971111
33.6675870419
33.3768210411
31.9414100647
31.7889020443
31.509499073
31.146520853
30.7700951099
30.0718660355
29.9337158203
30.0755610466
29.5454149246
29.2806358337
28.5415282249
28.8384099007
27.7537949085
26.585545063
26.065529108
25.9590280056
24.8713798523
25.2676529884
24.0046079159
23.9278671741
23.2422049046
22.0690770149
21.5014498234
21.2982780933
20.9530119896
21.2102639675
20.2802419662
19.3164420128
19.0804300308
18.4826300144
18.3987488747
18.3733689785
17.8569250107
17.586879015
17.8238620758
17.5569219589
17.3697869778
16.6818101406
16.7850959301
16.4745268822
16.2052178383
15.985296011
15.5816209316
15.6505730152
14.9472949505
15.2562320232
15.0973510742
14.6484768391
14.4097058773
14.2708740234
14.0475809574
14.0813779831
13.8774909973
13.555546999
13.8094189167
13.507090807
13.4752001762
13.7337210178
13.177587986
13.4533059597
13.0945460796
13.1019399166
13.2349798679
12.76501894
13.124065876
12.7288961411
12.955616951
13.0303611755
12.7554798126
12.7114770412
12.4127860069
12.5278451443
12.1061420441
12.0297980309
12.2368221283
11.9904940128
11.7973220348
11.9316427708
11.7312128544
11.7111709118
11.4899570942
11.5309450626
11.339646101
11.7906229496
11.1517391205
83.9252839088
71.8519020081
65.5304529667
53.1342339516
50.5356061459
48.455520153
48.2858588696
37.6039249897
37.0182001591
36.8004729748
36.7136828899
34.7877368927
34.6441879272
33.5972149372
33.4778800011
32.0449919701
31.6842517853
31.5878710747
31.0393218994
30.8172268867
30.1198120117
30.018476963
29.946835041
29.3936839104
29.4012520313
28.5413429737
28.4007880688
27.8275549412
26.4128260612
26.3392448425
25.8997609615
24.9031720161
25.05123806
24.0501549244
23.9696199894
23.2763819695
22.0433268547
21.3591899872
21.3944489956
21.3508951664
20.979872942
20.1797561646
19.6719090939
18.7173309326
18.5879929066
18.356498003
18.4667899609
17.940404892
17.4789879322
17.9515039921
17.7236840725
16.9403269291
16.7881150246
16.759606123
16.5315201283
16.5110399723
15.8095440865
15.6039450169
15.6521179676
14.9160377979
15.2760469913
14.8711571693
15.2258141041
14.3079249859
14.3840410709
14.0163860321
13.9427571297
13.8346090317
13.7708699703
13.6249740124
13.7972929478
13.1366000175
13.6178789139
13.5253820419
13.153523922
13.1447639465
13.2386350632
12.9008209705
13.1911308765
12.856402874
13.0316951275
13.0643589497
12.8391780853
12.5462579727
12.5230431557
12.6994330883
12.178633213
12.3828239441
12.1099350452
12.2518770695
11.9157269001
12.1920638084
11.6756520271
11.7250769138
11.656594038
11.7712888718
11.5165848732
11.3792259693
11.4802160263
11.2660579681
83.8645122051
71.5766189098
65.6213970184
53.3665151596
50.5784900188
48.3630847931
48.2573900223
37.5756049156
37.2505347729
36.6562628746
36.6015601158
34.9209361076
34.3204381466
33.6692929268
33.718973875
31.7914090157
31.7725090981
31.4346489906
31.0280909538
30.9122338295
30.0430459976
30.1563141346
29.8795769215
29.4643001556
29.4266979694
28.7712829113
28.4369540215
27.807641983
26.3477067947
26.4616429806
26.1799790859
25.0962939262
24.796546936
24.0513739586
24.2825329304
23.0988850594
21.7639629841
21.543061018
21.6331820488
20.9669201374
20.8685410023
20.0673489571
19.689745903
18.7994658947
18.6646108627
18.5220799446
18.0279788971
17.8993589878
17.8995068073
17.619120121
17.7459919453
17.0328159332
17.0098009109
16.7018229961
16.5558271408
16.129830122
16.0370190144
15.4872500896
15.4663329124
15.1045260429
15.3915789127
14.7182490826
14.8297748566
14.6230340004
14.0793261528
14.1866891384
13.8978900909
13.8892900944
13.8737680912
13.7535700798
13.4293949604
13.5676608086
13.2868030071
13.5898470879
13.105175972
13.3868539333
12.921651125
13.2306170464
12.7738149166
13.3108501434
12.5866191387
13.0034370422
12.7680068016
12.5935978889
12.6552400589
12.6277499199
12.479995966
12.1746578217
11.9175758362
12.2799358368
12.0325360298
12.0802960396
11.7830040455
11.5886991024
11.7667899132
11.5698540211
11.7936840057
11.3760020733
11.560792923
11.3233799934
83.9485609531
71.7293741703
65.5189211369
53.2051780224
50.7122590542
48.4628520012
48.3111350536
37.7380781174
37.1101357937
36.9392328262
36.3798141479
34.6879460812
34.3599021435
33.6119070053
33.566519022
31.8796839714
31.7305390835
31.4520261288
30.9155499935
30.7787940502
30.1118059158
30.1374230385
29.8641319275
29.3293330669
29.4437990189
28.6568250656
28.5503811836
27.5675988197
26.5646400452
26.2063679695
25.9817068577
25.1159479618
24.7630069256
24.2763619423
24.0930500031
23.3298289776
21.6948461533
21.4875779152
21.3409171104
20.9881720543
21.370456934
20.077778101
19.4931519032
18.7947230339
18.7923209667
18.562636137
17.9716091156
18.0228779316
17.6830341816
17.749076128
17.8178100586
17.1746320724
16.6506700516
16.7830820084
16.3802270889
16.4701759815
15.8454329967
15.6728239059
15.4689221382
15.2686309814
15.1233410835
14.8103790283
14.7969810963
14.3749229908
14.2300400734
13.9667618275
14.1420688629
13.7886109352
14.0186021328
13.5415990353
13.6106607914
13.5499920845
13.592416048
13.3260169029
13.044907093
13.3975720406
13.0968708992
12.988932848
12.8970849514
13.1951239109
13.0645389557
12.6652162075
12.7086091042
12.9864048958
12.4288139343
12.6870369911
12.2054619789
12.5715720654
12.2055160999
11.8509190083
12.0101320744
11.8780729771
11.7983520031
12.0412290096
11.568158865
11.5852980614
11.3227238655
11.5439479351
11.4569849968
11.3379719257
