Experiment Results
2.51529407501
2.2286169529
2.32403182983
2.24355792999
4.66643190384
2.05519509315
2.1612341404
4.97241997719
1.96939492226
2.07950901985
2.04926300049
5.60318207741
2.5444791317
3.07822108269
2.06989884377
2.19963216782
2.05016112328
2.36863994598
5.4085559845
2.04584002495
2.9751560688
2.7686920166
2.1826031208
3.26403093338
4.09025001526
1.96510481834
2.07383108139
4.68713402748
1.98732614517
2.35911893845
2.08334493637
2.08423519135
3.78103089333
1.98001813889
2.07748484612
2.17830610275
2.17685103416
1.97715783119
2.08134007454
4.09501600266
2.07267594337
4.49362492561
2.06639099121
3.89830684662
2.05666184425
1.99984693527
4.19939398766
2.26127505302
1.98660993576
1.89114689827
1.77593684196
1.87848687172
1.8909611702
4.6767539978
2.01441812515
1.97946310043
2.96114206314
1.79160499573
2.18882203102
1.86719608307
1.9889228344
1.98511004448
1.89789295197
1.88838195801
1.98573184013
2.22924995422
1.94283413887
3.58049893379
2.08232283592
4.31945109367
2.18408107758
1.96328997612
1.89820384979
1.99623799324
2.27937507629
1.98721790314
2.08201694489
1.99487614632
1.85702490807
2.01012182236
1.99638581276
1.88152694702
2.99325299263
1.78333806992
1.99561882019
2.08022689819
1.98686289787
2.18700098991
1.98969292641
1.99980711937
2.10706186295
1.87782001495
1.99310898781
1.77031707764
1.90906691551
1.7696352005
1.9792869091
2.09358716011
1.989757061
1.80187106133
2.40924811363
2.2184920311
2.33187413216
2.46597099304
4.02890396118
2.18047785759
3.66570210457
2.15347099304
2.07695508003
2.25333881378
2.37701010704
2.16711902618
2.18500185013
2.26272702217
1.98073005676
2.06441807747
1.97426700592
4.47342205048
2.27746605873
2.06742596626
2.0654668808
2.17934298515
2.18519496918
2.16845703125
2.07506394386
2.07758903503
2.16846299171
2.09289717674
2.07187008858
2.27934598923
2.06902194023
2.10114002228
2.05934214592
1.98413395882
2.07798099518
2.07912516594
1.88233399391
2.09376597404
2.07029104233
2.38804888725
2.07292914391
1.98595809937
3.68545389175
2.06952404976
2.09512495995
2.07729506493
1.9027030468
2.19007992744
1.85742402077
1.79352593422
4.77897191048
1.98144388199
1.88446497917
1.99250006676
1.88524198532
2.00358295441
1.97210597992
1.89304304123
1.96956896782
1.9903178215
3.10136604309
1.87439489365
3.0679090023
1.89321303368
3.0917930603
1.90828299522
2.16554808617
2.03343105316
2.06219601631
2.05969905853
1.99394512177
1.89721012115
1.98116397858
1.88622784615
1.98484396935
1.99444913864
1.97203278542
1.89977383614
1.98327302933
1.79501199722
1.99344611168
1.89704489708
2.07049298286
1.9840490818
2.09914803505
1.87861895561
1.99499297142
1.8863940239
1.88530898094
2.19689106941
1.98795819283
1.97010803223
2.0006608963
1.804074049
1.88567709923
1.9746530056
1.89549088478
1.97218704224
1.98608779907
1.8223900795
2.59829998016
2.13574194908
2.43545198441
2.23660993576
2.19359397888
2.21984815598
2.07955098152
2.0564520359
2.06507611275
2.16648507118
2.07959794998
3.7643430233
2.08203411102
2.15787696838
2.18888878822
2.16873192787
2.05625700951
2.1980650425
2.16735506058
2.15796113014
2.08735895157
1.99014210701
2.24677705765
2.08917284012
2.07556200027
1.9727499485
1.97838997841
1.96871399879
4.18657302856
2.28169798851
2.071393013
1.98557114601
1.97739100456
1.86812210083
2.07783484459
2.13227891922
1.95895385742
2.0704870224
1.98147320747
2.16168999672
1.98604297638
2.09493207932
1.9868721962
2.06420016289
1.98283600807
1.98821496964
1.98883008957
2.08345198631
2.07850790024
1.87827587128
1.79541897774
1.88568782806
1.88889098167
1.97814106941
2.09460091591
1.96808815002
1.98195910454
1.99148797989
1.80590486526
1.97843289375
1.97991394997
1.8798058033
1.98613810539
1.79817390442
1.984126091
1.98086500168
2.08851695061
1.89626002312
2.08087205887
1.98697400093
2.07752585411
1.89853215218
2.07531881332
1.90352320671
1.97201418877
2.09589481354
1.8900270462
1.98946785927
2.08585691452
1.88726592064
1.78458881378
1.98188185692
2.00683188438
1.97803997993
1.88366007805
1.89299893379
1.88133096695
1.98587989807
1.88760089874
1.89987611771
1.88376402855
1.89800691605
1.87623000145
1.80953216553
1.86897802353
1.88480114937
1.98274087906
1.79713916779
2.02766895294
1.76377296448
2.29926586151
3.52786517143
2.31860303879
2.27435088158
2.14417004585
2.05832791328
2.14198303223
2.09357905388
3.25562214851
2.20323491096
2.03659915924
3.680300951
2.06047415733
2.07524895668
2.06869411469
2.69036793709
3.37005400658
4.77890205383
3.06133103371
2.28228211403
3.0725851059
2.48575091362
2.07248806953
2.0591840744
3.08484601974
2.57508301735
4.78997898102
2.16734194756
2.05980706215
2.1789689064
2.080108881
3.6728451252
2.50326299667
1.9720749855
4.27865505219
1.98340606689
1.98038005829
2.57634806633
2.19794511795
2.18358206749
2.06867098808
2.57555103302
1.97623085976
3.38085985184
1.98049879074
3.78598999977
2.08596897125
2.48693585396
4.98545885086
4.18586301804
2.08308815956
2.67768597603
4.48469591141
1.89366817474
1.97485899925
1.90031409264
3.59396481514
2.04924201965
4.30512404442
2.08709096909
3.38833498955
3.29490995407
2.48006796837
1.91093492508
3.06422710419
2.68896818161
2.18214917183
1.88478922844
1.89160895348
1.88566398621
4.38308620453
4.21414399147
3.56965899467
2.79665088654
1.87695193291
2.20825219154
2.16254591942
2.09165382385
1.89115595818
2.67777991295
2.79853796959
3.68735408783
1.89399600029
1.98741889
3.20288014412
2.06591010094
1.8907661438
2.0069360733
1.87968206406
1.97661089897
1.99119710922
3.99401402473
1.77967214584
1.87731814384
3.49505209923
1.89591097832
1.79431796074
2.08049082756
4.88357114792
3.60772705078
2.40803217888
2.39820694923
3.55072879791
2.34029388428
5.94413495064
2.08906912804
2.15919399261
2.25198602676
2.15854096413
2.28494095802
2.05810308456
2.18590497971
2.15106296539
2.17733311653
1.97185087204
1.86680984497
1.97523999214
2.27713918686
2.07666301727
4.96737480164
2.77905082703
2.07380986214
2.09684681892
2.07033491135
2.56022715569
4.27594399452
7.17975616455
3.67540407181
6.26777601242
3.31654000282
4.95077395439
5.18422412872
3.16169095039
2.08952689171
4.2773001194
2.09810185432
2.36189198494
2.37692713737
6.18926501274
2.27721786499
4.77986311913
2.07970190048
2.27580714226
4.79259896278
2.77886795998
2.89262604713
2.06870508194
2.18717312813
1.79988789558
3.68015623093
2.18205904961
2.39715099335
3.174669981
3.58544206619
1.98304796219
5.67917704582
1.89309477806
2.07484006882
2.19583296776
3.88006305695
3.99717402458
5.1818151474
5.88788890839
3.79196810722
3.57822394371
4.77701306343
2.39767789841
1.98119688034
2.18047714233
6.71257710457
4.49586796761
2.78556585312
3.67603707314
1.9823679924
1.9102730751
1.9779818058
2.08269405365
2.06779813766
1.89970898628
1.97674608231
1.80394601822
2.1747469902
2.09137797356
2.29656291008
1.9039311409
1.86445307732
4.68645405769
5.879570961
5.00501799583
3.37337589264
2.59631609917
3.39034414291
1.96130609512
5.21536898613
3.38318300247
6.99498486519
6.17962193489
2.09421205521
1.92199897766
6.26215219498
3.70310115814
2.31640386581
2.5439350605
5.19397807121
6.13170099258
3.93382096291
3.36795091629
3.76436090469
4.08370304108
3.35810399055
2.07664895058
3.26032114029
2.68782186508
4.88102388382
6.45609211922
3.08417797089
1.96804594994
3.86461687088
2.17538976669
2.17817401886
1.97526288033
2.18027806282
1.97869086266
2.07823610306
2.16364693642
3.0736758709
2.16835904121
4.08020305634
2.77846503258
2.27463889122
2.37004685402
2.07878899574
4.58315014839
3.37188076973
2.49188613892
3.7834508419
2.27049303055
2.395788908
4.9549100399
2.22189712524
2.1664750576
6.6781308651
1.97990512848
2.20609998703
3.36411190033
3.38680505753
5.37340807915
2.27494597435
1.88137602806
5.80391693115
1.86725282669
3.79200410843
1.89313101768
2.19850301743
1.96826910973
1.88916707039
2.08046507835
2.68004989624
4.48310494423
3.11988806725
1.86397099495
1.88078284264
2.09676098824
1.98397707939
4.38686299324
4.67991304398
4.09287381172
2.87419295311
5.19767904282
2.88582992554
3.37433004379
1.89415383339
2.29728007317
2.07712578773
2.39650702477
2.08824896812
2.17832493782
1.98121500015
1.796833992
5.38289904594
2.98552393913
3.59338092804
4.3277451992
2.54516005516
1.8949649334
5.10849404335
2.88797402382
2.10180187225
3.97545599937
1.89144611359
3.49753713608
3.17372298241
2.6908531189
1.87123918533
3.8055331707
2.19753098488
2.10777497292
2.36418414116
2.30909514427
3.7743909359
