Experiment Results
2.8929579258
3.0145201683
3.61948394775
2.92707419395
2.81898808479
2.9018471241
2.91160297394
3.11160898209
2.86670207977
2.89435482025
2.80734992027
2.91233801842
2.77905488014
2.91944003105
2.62061810493
3.0837020874
2.89131689072
3.77874517441
2.78552508354
2.7141430378
3.40623497963
2.89500212669
2.62185287476
2.75976991653
2.91998696327
2.80462384224
3.24520015717
2.75888800621
3.02456688881
2.58354210854
2.79102110863
2.69500803947
2.79302692413
2.70339894295
2.90948796272
3.18461489677
2.58957910538
2.91490387917
2.69685196877
2.69741487503
2.6444170475
2.72026801109
2.91053509712
2.81072211266
4.79379701614
2.90411305428
2.48422288895
2.70280790329
2.60355782509
2.59396481514
2.59717202187
2.51908302307
2.69763302803
2.89360904694
2.74440002441
2.53552603722
2.8789498806
2.53393483162
2.992634058
2.99654912949
2.60378813744
2.99777603149
2.80124092102
2.57926702499
3.20875096321
2.49788784981
2.65307211876
2.7187538147
2.60308790207
2.49239993095
2.41798996925
2.87255096436
2.49468588829
3.00709486008
2.49804496765
2.54949688911
2.74140810966
2.67885303497
2.43252587318
3.10441303253
2.58210086823
2.50250697136
3.31362295151
2.4694712162
2.51851391792
2.69669413567
2.48137807846
2.60332202911
2.67228603363
2.69228792191
2.71395778656
2.6834089756
2.61215806007
2.53677988052
2.71505784988
2.61083292961
2.79119491577
2.48923993111
2.41427278519
2.60654211044
2.57914495468
2.81233477592
2.5693860054
2.63390493393
2.59923791885
2.10316205025
2.56077504158
2.81241583824
2.77851009369
2.71520495415
2.80055809021
2.75058102608
2.6287779808
3.09826803207
2.48664402962
2.79533410072
2.71184110641
2.49567484856
2.56612586975
2.73240399361
2.59820008278
2.59073376656
2.41089820862
2.87061285973
2.51061201096
2.45013904572
2.42662620544
2.95087599754
3.29075717926
3.3416697979
2.60452699661
2.69947910309
3.11040306091
2.82388091087
3.06190085411
2.59938097
3.31368398666
2.3183259964
2.8785340786
2.59336805344
2.58355617523
2.634786129
2.58750200272
3.27519798279
2.50772404671
2.50769114494
2.90463614464
3.00323319435
4.42538189888
2.89059400558
3.20054292679
5.15059781075
2.82086086273
3.00565481186
2.77670788765
2.59648489952
2.97887992859
2.60666394234
2.63123011589
2.69006896019
2.68058896065
3.21373796463
2.81346416473
2.43371796608
2.76389193535
3.02044510841
2.52055478096
2.61592197418
3.03717708588
2.95911407471
2.58851695061
2.58181405067
2.52629709244
2.61371612549
2.9896697998
2.5676009655
2.91354489326
2.42595720291
2.66751694679
2.61873602867
2.61301398277
2.67936205864
2.6889898777
2.72807598114
3.28222107887
2.69882106781
2.60078310966
2.79343509674
3.08569216728
2.98283290863
4.33034586906
3.07116913795
2.8110499382
3.20620799065
5.50215792656
2.63478398323
2.74654912949
3.10525894165
2.90733098984
2.90311193466
2.76835203171
2.69602608681
2.92133593559
3.29066705704
2.57933306694
3.11067390442
3.00474691391
2.95143294334
2.86094212532
2.86160993576
2.80080294609
2.83291983604
3.71072411537
3.063986063
3.79888701439
2.79945802689
2.91462302208
3.00746297836
3.05250406265
2.74565696716
2.75368285179
2.60692191124
2.59198999405
2.8896188736
2.49906897545
2.61611795425
2.55712485313
2.73236608505
2.78800797462
2.70784687996
2.66846013069
3.01090693474
2.60374712944
2.59560894966
3.11066699028
2.59361791611
3.0062251091
2.68777298927
2.49990391731
2.81508898735
2.79116392136
2.80075597763
2.58971190453
3.20488619804
2.50765609741
3.99133181572
2.52357816696
2.59640884399
2.8971760273
2.66105699539
2.78873991966
2.51738905907
2.48915100098
2.90960693359
2.60311603546
2.58755993843
2.59689092636
2.31411886215
2.67126107216
2.80553102493
2.60676288605
2.89745616913
2.59171009064
2.60507082939
2.68762588501
2.71146082878
2.27664899826
2.52532696724
2.99176597595
3.44901204109
2.65810799599
2.59002995491
3.09741997719
2.49510407448
2.72840714455
3.26851296425
2.60601496696
3.19909906387
2.58291983604
2.53700494766
2.67660689354
2.67398309708
2.7237830162
2.71417284012
2.97608089447
2.49924588203
2.29222202301
2.3792219162
2.32956695557
2.60989809036
2.67855715752
2.50906300545
2.53520321846
3.15376496315
2.71103286743
3.0817899704
2.6561589241
2.62998104095
2.67855405807
2.53800296783
2.67518305779
2.62353301048
2.62568497658
2.63675904274
2.53426599503
2.9851140976
2.49493598938
2.60073590279
2.60577082634
2.49570298195
3.19113397598
2.39341115952
2.39206695557
2.69888186455
2.62741208076
2.46985602379
2.50658392906
2.6104490757
2.49451780319
2.67005991936
2.94106602669
2.58367490768
2.59213805199
2.49350094795
2.6171309948
2.99233984947
2.48493480682
2.63149690628
2.9896709919
2.68625497818
2.70809602737
2.89521002769
2.69466114044
2.80564904213
2.69958591461
2.48519992828
2.80972194672
2.7932240963
2.49855303764
2.59900617599
2.60250902176
2.57831788063
2.70659995079
2.70255899429
2.59592986107
2.84413695335
2.79608106613
2.68043112755
2.61972093582
3.01534104347
2.56016182899
2.71217894554
2.59050607681
2.61212587357
2.79804205894
2.59071993828
2.51646709442
2.89354610443
2.47014117241
3.01713514328
2.60303401947
2.65808200836
2.63377094269
2.51344680786
2.69653201103
2.79454183578
2.31160092354
2.88648796082
2.89296197891
2.79434204102
2.72362995148
2.90770888329
2.72243285179
2.84682106972
2.89334201813
3.118019104
2.67348599434
2.69827985764
2.91039204597
3.08352017403
2.80021905899
2.50252509117
3.02640199661
2.89818406105
2.89437103271
3.19005608559
2.6732749939
2.7244040966
2.69043517113
2.62880396843
3.06949806213
2.59637904167
3.52529907227
2.69385814667
2.64542412758
2.92885398865
2.61700391769
2.98894810677
2.37729215622
2.51040410995
2.71844792366
2.28587198257
2.77753186226
2.92551398277
2.79986310005
2.37747693062
2.50051689148
2.68352603912
2.61471009254
2.59913110733
3.29874801636
2.68110990524
2.79592204094
2.60100507736
2.72359108925
2.79640603065
2.70773601532
2.38110589981
2.82244992256
2.6927549839
2.59848093987
2.70415306091
2.40844297409
3.06414890289
2.49505209923
2.48752903938
2.49890303612
2.59731888771
2.4250459671
2.78985404968
2.7103509903
2.57786893845
2.58446502686
3.01201510429
2.37978577614
2.68423485756
2.70448303223
2.68730115891
2.83626794815
2.58213615417
3.09910607338
2.49147891998
2.59864807129
3.12964487076
2.28822994232
2.76925206184
2.62836003304
2.78947496414
2.61354994774
2.88886117935
2.3793451786
2.61169290543
2.77847886086
2.40910291672
2.81044006348
2.99997282028
2.57565593719
2.82318115234
2.76275491714
2.59834003448
3.21080303192
2.51682901382
2.97041893005
2.59006595612
2.60609817505
2.80049014091
2.69362902641
2.60004711151
2.68034100533
2.62637782097
2.78858995438
2.61158108711
2.15794801712
2.98937106133
2.68192195892
2.31382203102
2.90293908119
2.70911598206
2.56365180016
2.83223605156
2.66943287849
2.49288892746
2.71391201019
3.12415313721
2.69085788727
2.98823094368
2.68485498428
4.00916790962
2.59046602249
2.61120796204
2.80380582809
2.46504592896
2.8032078743
2.62620806694
2.579185009
2.59596300125
2.72311306
2.67806887627
2.70823407173
2.48490190506
2.51769590378
2.78866195679
2.61596298218
2.9882850647
2.44797897339
2.69988799095
3.04614496231
2.6817688942
3.67139101028
2.6043279171
2.49637699127
2.60309410095
2.52110004425
2.89602994919
2.94738578796
2.92415499687
2.59074306488
2.50785398483
2.70595407486
2.61005115509
2.79968595505
2.66136407852
2.70565915108
2.63522005081
2.85786294937
2.6493601799
2.94907593727
2.81833314896
2.51412820816
2.69393992424
2.69238615036
2.58522295952
2.59347891808
2.79444313049
2.60581207275
2.66563606262
2.74184823036
2.69975209236
2.80114388466
2.85241699219
2.65014505386
2.60046100616
2.79258704185
2.69364714622
2.61167001724
2.81603884697
2.66059589386
3.00183200836
2.49940490723
2.56313300133
2.54666399956
2.61102986336
2.57986092567
2.48817706108
2.81786799431
2.67262196541
3.10046005249
2.26450300217
2.63934588432
2.8192679882
2.55961608887
2.79396295547
2.68132996559
2.29194498062
2.79671883583
2.6018910408
2.61125183105
2.79957389832
2.60171294212
2.47979593277
2.59617114067
2.60284495354
2.68713593483
2.52628517151
2.59251999855
2.89651894569
2.6676030159
2.53111386299
2.588504076
2.69560813904
3.0317709446
2.58072400093
2.78393101692
2.5982542038
2.91907000542
2.5803399086
2.68597006798
3.03066492081
2.78817296028
3.0035610199
2.72619986534
2.66037082672
2.61133694649
2.56559491158
2.99259614944
2.60423207283
3.39070010185
2.70171689987
2.68645596504
2.43213582039
