Experiment Results
3.63588905334
3.92451500893
3.44052004814
3.44321513176
3.29896616936
3.50083804131
3.46534013748
3.16639089584
3.2707901001
3.28423500061
3.42665290833
3.12280201912
3.1506459713
3.26147222519
3.25386285782
3.43166995049
3.04725694656
3.24792098999
3.16588115692
3.50347995758
3.06034088135
3.07145881653
3.06444096565
4.28200006485
3.44982099533
3.21657204628
3.08503103256
3.17919015884
4.14791607857
3.41036486626
3.01744389534
2.91984415054
3.27546000481
3.0874209404
3.55582904816
2.97429394722
3.50221610069
3.07894802094
3.2807431221
3.29840302467
3.16440296173
3.06781411171
3.08800792694
2.96681404114
2.82032799721
3.15519809723
3.02620100975
3.15016698837
3.71698689461
3.12833499908
2.88661694527
3.10541391373
3.6122469902
3.0379011631
3.20730805397
2.77929997444
3.59786987305
2.96687197685
3.59686613083
3.21228694916
2.96908712387
3.08032083511
3.08189415932
3.09548902512
3.00000095367
3.17529702187
3.33926010132
3.85084795952
3.36306715012
3.26157307625
3.07836699486
3.23629689217
3.47736096382
3.2826590538
3.08332109451
2.98925495148
3.31904911995
3.65193200111
3.10291004181
3.38027501106
3.00918412209
2.86874389648
2.88628697395
3.38806891441
3.58300018311
3.09673714638
3.16970300674
3.21701097488
3.07853007317
3.0152130127
3.12567901611
2.92697787285
2.97751116753
3.10319113731
2.94922399521
3.01907896996
2.90334510803
3.90860295296
3.42565488815
3.42584085464
3.20527601242
3.42280006409
3.59450006485
3.51376008987
3.33801388741
3.45651316643
3.16997814178
3.3605928421
3.05959606171
3.28596591949
3.14851093292
3.58097314835
3.7641749382
3.79090809822
3.47248291969
3.14050197601
3.28364515305
3.19667816162
3.27493596077
3.47661399841
3.27956414223
3.2533659935
3.17136502266
3.38820505142
3.4679479599
4.07355499268
3.5849339962
3.35939002037
3.31140208244
3.25335502625
3.07827877998
3.27115011215
3.29508280754
3.55753207207
3.08789014816
3.17797207832
3.08766484261
3.49415493011
3.08654212952
3.37732005119
3.06112504005
3.00719594955
3.36703801155
3.19278001785
3.1065928936
3.04290318489
3.27438998222
3.21545290947
2.77358794212
3.79838180542
2.96835803986
3.38357901573
3.39923906326
3.18003511429
3.3877248764
2.92789888382
3.42410206795
2.90922403336
3.08702087402
2.86283993721
3.22163200378
3.26111602783
3.08209681511
2.89253592491
3.63313508034
2.92726612091
3.30749511719
3.28238391876
3.29106402397
2.96539711952
3.10167098045
3.38999915123
2.8699889183
2.91453504562
2.87743616104
3.59356212616
3.16863512993
2.99919009209
3.37399291992
2.82895612717
3.07897806168
2.98930692673
3.27638697624
2.97935605049
3.09153699875
4.40026187897
2.89367413521
3.15966391563
2.98318386078
3.00866293907
2.88200998306
2.99148201942
3.26697802544
2.8227288723
3.36951684952
2.91987609863
3.67007803917
2.96843695641
3.3060798645
3.064234972
3.54000091553
3.60544395447
3.43342399597
3.56173205376
3.15261316299
3.56452298164
3.25661587715
3.26692795753
3.07282781601
3.56785511971
3.2681388855
3.34197807312
3.0128660202
3.36203193665
3.27182888985
3.08331489563
3.18161392212
3.16854310036
3.76581406593
3.17712402344
3.47521090508
3.0794198513
3.36856484413
3.2669968605
3.27904009819
3.17195010185
3.18671393394
3.01702189445
3.03423881531
3.38233804703
3.07458901405
3.48341393471
4.18150901794
3.20416307449
3.39030098915
3.65476703644
2.96663308144
3.47353601456
3.00672888756
3.29402017593
3.16730499268
3.17696285248
3.0604569912
3.37941598892
2.98684000969
3.67731404305
2.77549910545
3.21133589745
3.46417498589
2.89492702484
3.17503499985
3.17619204521
3.02768087387
3.46972513199
2.99046087265
3.06858301163
2.88244891167
2.99849009514
3.18931388855
2.89348506927
2.87617397308
3.07571411133
3.01280212402
3.57775807381
2.99682593346
4.81381797791
3.02709197998
3.22225189209
3.06859993935
3.1888999939
2.97364902496
3.19706916809
2.9855389595
2.900867939
2.95430111885
3.03234601021
3.18986797333
2.76604795456
3.37288403511
2.8819899559
3.21048903465
2.91183805466
3.25311112404
3.18474197388
2.8826789856
3.1025390625
3.00696802139
3.05510592461
2.87689208984
3.83943390846
2.96216797829
3.10539197922
3.15372991562
2.79857707024
3.01412892342
3.19206404686
2.86400794983
3.28850698471
3.20631504059
3.17389702797
3.42707681656
3.40468096733
3.87360596657
3.32206487656
3.25102496147
3.46979212761
3.25960898399
3.42011785507
3.03425478935
3.46251702309
2.9546391964
3.29854798317
3.04637002945
3.76387619972
3.092015028
3.27601099014
3.22726678848
3.09745287895
3.58587884903
3.50208282471
3.53328609467
3.10024595261
3.15379500389
3.07957911491
3.17121291161
3.59173893929
3.06382107735
2.97965693474
3.49722003937
3.05294203758
3.40820193291
3.85561800003
3.48399591446
3.97832989693
3.22830700874
3.04625797272
3.06594610214
3.16851210594
3.6020989418
3.06659317017
3.26689910889
3.0297908783
3.18821787834
3.25166583061
3.16794300079
3.18824291229
3.08942079544
3.38179016113
3.00147795677
3.06628394127
3.01150918007
3.35440397263
2.8921380043
3.1959002018
3.17747211456
3.31863212585
4.034760952
3.09946608543
3.08343696594
3.29058003426
2.98313188553
3.09395217896
3.08443212509
3.57810807228
3.28446006775
3.10455107689
3.27729392052
2.99955296516
2.96404194832
3.69791913033
3.07945299149
2.9765150547
3.10589504242
2.99056482315
2.89913797379
3.18361592293
2.97829294205
3.09202504158
2.9994931221
3.06945705414
3.01522803307
3.02923202515
3.50404119492
3.2297141552
3.16282987595
3.31057691574
3.15257096291
3.30230307579
3.01391506195
3.26835513115
3.11081600189
3.06407999992
2.99378705025
2.97937679291
3.3042550087
2.84148001671
3.14099502563
2.96053695679
3.06228899956
3.12533211708
3.41244101524
3.29623603821
3.55343008041
3.35583019257
3.39662909508
3.43649315834
3.29303503036
3.25144386292
3.14239907265
3.16921806335
3.07288408279
3.19416713715
3.32532715797
3.42719197273
2.94675111771
3.27873206139
3.05387997627
3.50127887726
3.251278162
3.36485695839
3.11284208298
2.95632195473
3.0869140625
3.20555591583
3.42385792732
3.31701493263
3.14239001274
2.98304414749
3.16762208939
3.18583989143
2.76949906349
3.2756459713
3.11081790924
3.12915587425
3.24258303642
3.1301150322
3.1112549305
2.86735200882
3.24625301361
3.2158010006
2.98342680931
3.27688002586
2.98991107941
3.37363100052
3.21978998184
3.13378691673
2.79116296768
3.25538492203
3.10464096069
3.00209188461
2.98665595055
3.08836698532
3.20009803772
3.26036310196
2.86711788177
3.10583305359
3.286247015
3.17832803726
3.08960700035
2.98311209679
3.20585107803
2.96645998955
2.87306118011
2.88267397881
3.02866101265
3.09748506546
3.33875894547
3.21985292435
3.27044510841
2.97583603859
3.31985282898
3.16420698166
3.08670306206
3.08141613007
2.99538588524
3.00678515434
3.05608391762
2.98963713646
3.01409697533
3.47537302971
2.96257090569
3.01045894623
3.48233795166
3.0954220295
3.18527793884
3.18705105782
3.28832197189
3.00503587723
2.99915599823
3.081594944
2.97089910507
2.98605585098
3.28256082535
2.90822315216
3.06631398201
3.09235501289
2.99993395805
3.25870084763
3.12915897369
3.1555519104
3.46899700165
3.66851711273
3.31860804558
3.19091105461
3.36525702477
3.13540387154
3.13862991333
3.49610209465
3.16186285019
3.20798301697
3.43944692612
2.97729587555
3.76711606979
3.16463398933
3.0825650692
3.87912082672
3.30205702782
3.12906885147
3.66147017479
3.32659101486
3.67750287056
3.36228895187
3.04415202141
3.08347010612
3.07865214348
2.98580884933
3.15435814857
3.42691802979
3.02604484558
4.18627095222
3.18988609314
3.07152295113
3.57000803947
3.38935399055
3.99732494354
3.22920107841
3.1049759388
3.00094199181
4.66958713531
3.20368885994
3.26614713669
2.97673082352
3.49187397957
3.18294405937
3.16486811638
3.180975914
3.0012011528
3.31670808792
2.8371360302
3.89238214493
2.86895918846
3.15339207649
3.12911891937
3.06811404228
3.00809788704
2.86635422707
3.17998099327
2.99189901352
3.30813694
3.08851885796
2.95728707314
3.19881606102
3.08792114258
3.38470721245
3.04872012138
2.8924639225
3.28775501251
2.94861078262
3.15447807312
3.18637514114
2.96624088287
3.61859798431
3.18400216103
3.09235501289
2.78153395653
3.40998101234
2.96411204338
3.10055994987
2.97858285904
3.18789410591
2.90163397789
3.07279396057
3.20887589455
3.36789488792
3.11811494827
3.16197395325
2.87381505966
3.24953508377
3.14405298233
3.38220095634
2.97442412376
3.01735401154
3.16729998589
3.33469510078
2.9515581131
3.09466290474
3.00041007996
2.98155283928
2.87614297867
3.13311195374
