Experiment Results
5.43735098839
3.58292508125
3.66678595543
3.90616703033
3.62215304375
4.1909430027
3.72296190262
3.75131201744
3.42996501923
3.5970749855
3.46264386177
3.7462220192
3.69613695145
3.67036604881
3.35072898865
3.67157316208
3.57592010498
3.67354488373
3.5892469883
4.11598300934
3.46054911613
3.84813499451
3.36569499969
3.6988260746
3.76980209351
3.75305700302
3.71900606155
3.6451690197
5.56766295433
5.26928400993
3.60949611664
3.54711914062
3.50710296631
3.56556797028
3.4675719738
3.80108308792
3.97000908852
4.18155193329
3.87967395782
3.52039980888
3.64861989021
3.99609088898
3.68646001816
3.57536005974
3.65423202515
4.69484305382
3.39066004753
5.50012111664
3.45450782776
3.61412096024
5.3755261898
3.66285204887
3.49968385696
3.68332910538
3.39487600327
3.57725715637
3.46870398521
4.00310897827
3.49940109253
3.7687599659
4.31605410576
4.15402984619
3.77137684822
3.53216409683
3.48330497742
3.81257104874
3.43912696838
3.63340902328
4.02501392365
3.59987711906
3.63865399361
3.42770385742
3.49795508385
3.10196995735
3.65689206123
3.69749212265
3.39920115471
3.9488837719
3.5076789856
3.31455898285
4.10269904137
3.38312697411
3.67923808098
3.75378799438
3.30402398109
3.6116669178
3.62535500526
3.52226400375
3.30609703064
3.76166009903
3.8192448616
3.57882785797
3.56174993515
4.42639088631
3.17423009872
3.49235892296
3.49865698814
4.39078903198
3.45915007591
3.89179992676
4.58775210381
4.02459216118
4.13044810295
3.55275607109
4.07915902138
4.05984807014
3.58419489861
3.45845007896
4.06861400604
3.967867136
3.56243395805
4.26715397835
4.08714699745
3.24888896942
3.66439700127
3.68858003616
3.45342803001
3.75421595573
3.73994588852
3.6465280056
3.53830695152
3.74925088882
3.47393989563
3.7740149498
3.58332800865
3.67641997337
3.7523059845
3.40848016739
4.70916104317
3.75915503502
3.74757313728
3.07737183571
3.76781511307
3.19616389275
3.78592205048
3.48146104813
3.68023490906
3.39087104797
3.67084789276
3.28997898102
3.66038489342
3.3705508709
3.6027598381
3.46397399902
3.77568292618
3.39614391327
3.87987399101
3.47981190681
3.77970194817
3.32513403893
3.7555398941
3.5117919445
3.56659817696
3.38185191154
3.47056293488
3.30784583092
3.46089601517
3.21346902847
3.6568710804
3.23139381409
3.97498106956
3.45049715042
4.00133800507
3.50887703896
3.48057293892
3.66133499146
3.48856210709
3.79911994934
3.49622607231
3.68068695068
3.70527696609
3.45485687256
3.62922310829
3.27231884003
3.78891992569
3.48011398315
3.97020196915
3.29070711136
3.74702692032
3.47766208649
3.05001807213
3.77743005753
3.38978695869
3.72661304474
3.66412615776
3.8570868969
3.49647212029
3.69322419167
3.28744411469
3.40448498726
3.5679500103
3.50542187691
4.03271794319
3.33920097351
3.48430109024
3.39316892624
3.51703500748
3.26818799973
3.68978595734
3.50475907326
5.70592093468
3.95912289619
3.78500390053
4.01125907898
3.49926900864
4.24978494644
3.52697110176
4.01473689079
3.77805900574
3.57571196556
3.93639111519
3.67281508446
4.78750300407
3.96534490585
3.46445012093
3.77314305305
3.57446217537
4.07663488388
3.39644789696
3.93931007385
3.67406988144
3.57819700241
3.53082513809
3.52973413467
5.60946321487
3.31640720367
3.67613101006
3.77716994286
3.68762516975
3.77827000618
3.88192486763
3.47448992729
3.90597581863
3.36507487297
3.85914111137
3.60690307617
3.82445597649
3.52345204353
4.00814795494
3.44723892212
3.81069993973
3.5015912056
3.95053005219
3.28604602814
3.6660630703
3.30145096779
4.06053805351
3.61723613739
4.07711791992
3.3512570858
3.6954331398
3.59487104416
4.41254401207
3.56158089638
3.87073588371
3.47908902168
4.31381893158
3.59286212921
4.91336798668
9.26149392128
3.87003517151
3.97564721107
3.7821419239
3.19391012192
4.7905728817
3.32956886292
4.15844488144
3.45851993561
4.09994292259
3.36965894699
3.69879794121
3.54946208
3.93211507797
7.27692890167
3.28492212296
4.69643306732
3.88343787193
3.69836091995
3.49002599716
3.78109312057
3.5807390213
3.884526968
3.49245905876
3.18105196953
3.68962192535
3.1898021698
3.9959089756
3.87416696548
3.40237593651
3.5796790123
3.39162015915
4.08696603775
3.45494294167
3.22943210602
3.78572392464
3.4185461998
3.05927491188
4.10650014877
3.77773809433
9.29119586945
4.92309188843
4.18937897682
4.96244001389
4.95087194443
3.62726807594
4.40297603607
9.55428886414
3.65858387947
4.17623090744
6.19335603714
4.36863899231
4.05180692673
3.87208390236
19.1832959652
4.14914298058
3.7801220417
3.79361486435
4.47720313072
3.94951319695
24.988038063
3.94610595703
3.87564492226
3.2775888443
15.3653728962
5.79839086533
3.19690513611
4.24122691154
3.4961400032
4.16934895515
13.0773980618
5.20483899117
18.1833810806
3.84001207352
5.12240099907
3.7412610054
3.79288697243
3.47043800354
3.48804211617
3.37943100929
4.45199084282
14.2078762054
3.8902618885
3.45552492142
3.80994200706
3.45187091827
4.50745511055
4.28648686409
5.48400902748
3.97220683098
3.31497597694
19.6641740799
3.76324796677
14.8007781506
5.88885092735
16.0771751404
3.89800596237
4.58307003975
3.69665288925
3.56193614006
7.99411916733
3.56411409378
5.89996480942
11.1134359837
3.63099813461
3.52095413208
4.29164481163
15.5778439045
3.71231389046
3.75547099113
3.71173596382
6.05486416817
3.99150300026
15.6025071144
3.49804878235
18.6765840054
4.79600095749
15.3224511147
4.02924895287
4.18586301804
3.60115981102
3.60021400452
3.3978331089
3.5558719635
4.19664096832
4.60351896286
3.56906890869
5.24071311951
4.03770279884
3.39591407776
3.37806200981
4.58437585831
3.77938294411
3.7039399147
14.7867481709
4.08498382568
4.3093559742
18.0198879242
20.374147892
3.59707999229
3.74191689491
4.01805901527
9.93325996399
4.23245406151
9.8420188427
6.26561999321
4.44249796867
3.85117483139
4.78872680664
15.3752868176
5.16589188576
4.88242483139
36.0232300758
16.6137459278
3.78210902214
3.96361684799
6.47745895386
4.17474794388
5.06887793541
5.78756809235
5.27297115326
4.05449008942
4.70801496506
4.23746395111
3.63860106468
3.53711104393
3.95490598679
3.68597483635
4.17086601257
4.88575291634
5.201182127
4.23138308525
3.5802989006
3.79194688797
6.07717490196
3.91016817093
3.76731300354
3.495844841
3.27488613129
3.95179820061
4.79270505905
3.68901586533
3.96009397507
3.61001491547
3.46459317207
4.68262505531
3.9829788208
3.36382603645
4.52093100548
14.7852380276
13.6864509583
4.3497979641
3.67258787155
3.5791258812
10.3383791447
3.56926298141
4.06026506424
18.0955350399
3.40716910362
5.86182188988
3.6939239502
3.27894878387
3.37697005272
8.70917510986
6.09253787994
3.75083017349
3.41223096848
14.5757229328
4.57782101631
15.6870748997
13.6569540501
5.28016591072
4.47490215302
7.25109100342
20.7841639519
3.69794893265
10.4101440907
3.76224708557
3.47423696518
3.58300995827
3.90685105324
6.36306500435
5.11115288734
3.53653502464
6.72442889214
5.69111180305
3.38899087906
3.88453602791
3.90468502045
5.19261193275
4.48164486885
4.10439801216
3.8600769043
3.79053497314
3.39443492889
3.67350006104
3.60710501671
4.26657009125
3.41558599472
3.92758822441
3.74082803726
4.89458012581
3.84715008736
4.82901906967
4.45127797127
4.75539207458
3.87887406349
4.12695193291
4.28453207016
3.55826592445
3.3008210659
6.00769090652
3.70779418945
4.06510782242
7.80892896652
3.55389094353
4.0587439537
3.81924700737
4.64389395714
4.98424482346
4.75681686401
18.2095661163
4.06561493874
3.51893496513
6.14980697632
6.05355906487
3.44802498817
4.19628190994
3.59165000916
3.45617103577
4.07680082321
3.88643598557
4.19465494156
4.55053687096
3.67482495308
4.24197077751
3.32374095917
3.89256906509
3.36436915398
3.52441287041
4.03290295601
3.69662809372
3.57734298706
3.51222300529
16.5462281704
5.24271392822
21.2783000469
3.5306699276
7.43016791344
3.32522892952
3.6128590107
3.38154101372
3.57152605057
3.41177082062
5.65770483017
3.38017892838
4.52034115791
3.55645990372
3.50675606728
4.08933901787
3.47742486
3.73385000229
4.55879402161
6.03666901588
3.38707399368
4.36704611778
6.92139291763
3.8827829361
3.42154097557
4.36886096001
3.37844204903
3.56792497635
3.29834604263
3.99029803276
3.28765916824
3.41477203369
3.26653385162
4.02151298523
4.36897182465
3.59647083282
5.6211771965
3.31870079041
3.48984718323
3.53837919235
4.51454520226
3.50647807121
3.7853679657
3.61881995201
3.73511004448
3.31195616722
3.6042098999
4.20151400566
4.18692588806
3.78708577156
3.57737779617
3.84626793861
3.93827104568
3.37516880035
3.38419508934
15.1936180592
3.68881201744
