Experiment Results
1.81050109863
1.7033970356
1.79015278816
1.68629598618
1.80159401894
1.71214294434
1.78590798378
1.70573782921
1.70289206505
1.8876991272
1.90815901756
1.89750480652
1.78805303574
1.70102906227
1.78208708763
1.91346812248
1.61624407768
1.78530192375
1.87902617455
1.8071539402
1.69043016434
1.6114089489
1.88957905769
1.91076517105
1.8857190609
1.7059109211
1.69955396652
1.8847091198
1.81153011322
1.69769501686
1.79158186913
1.70226216316
1.80598306656
1.8868021965
1.69965600967
1.7194879055
1.68639683723
1.49297595024
1.69684386253
2.80239510536
1.79940295219
1.79825401306
1.7022330761
1.60012388229
1.78465604782
1.70585417747
1.68916201591
1.71499109268
1.80623006821
1.68692803383
1.69366288185
1.61168503761
1.61414599419
1.67379713058
1.70676898956
1.69557023048
1.68994879723
1.89897799492
1.79844784737
1.62858390808
1.86094903946
1.617208004
1.78742599487
1.69697093964
1.80147910118
1.79593086243
1.79784083366
1.70849299431
1.79557991028
1.78694295883
1.7082028389
1.67854189873
1.92428517342
1.70326399803
1.76480007172
1.73882317543
1.58893990517
1.78578615189
1.50043606758
1.60584402084
1.61253094673
1.90292906761
1.79103207588
1.97497391701
1.81345510483
1.81089091301
1.67122411728
1.60749793053
1.61034488678
1.78953814507
1.69276809692
1.80858707428
1.68809914589
1.70233011246
1.79417395592
1.69938397408
1.80007910728
1.71092104912
1.69134306908
1.68865203857
1.71648788452
1.79072785378
1.7917599678
1.89944696426
1.70781207085
1.7868180275
1.70250797272
1.8887591362
1.61526799202
1.79362392426
2.01973295212
1.69288802147
1.68100595474
1.79754686356
2.31752204895
1.68950080872
1.68992590904
1.70153212547
1.79181003571
1.61811995506
1.78188681602
1.80725598335
1.72861099243
1.7653169632
1.69686698914
1.88804578781
1.69663691521
1.71794104576
1.8861451149
1.79479885101
1.69463586807
1.70612597466
1.70284795761
1.70152997971
1.71833395958
1.79102492332
1.79312205315
1.59040188789
1.78970313072
1.69421386719
1.80370497704
1.69519901276
1.71169686317
1.80503821373
1.79635906219
1.788834095
1.78955483437
1.71334195137
1.79548192024
1.71920514107
1.77328515053
1.80763792992
1.76716804504
1.73221898079
1.68430805206
1.59948587418
1.82061100006
1.58591508865
1.69057798386
1.72724914551
1.68543601036
1.68386411667
1.70468711853
1.81603813171
1.77703595161
1.78882598877
1.7017018795
1.79552292824
1.80660104752
1.6848051548
1.70522999763
1.70995903015
1.69393396378
1.79907488823
1.99577498436
1.79927206039
1.69624590874
1.69732999802
1.82353401184
1.57413291931
1.69730997086
1.6984140873
1.7073059082
1.91771006584
1.76757907867
1.70187902451
1.79913687706
2.00387310982
1.69127583504
1.80398797989
1.61170911789
1.80576705933
1.67701721191
1.79359292984
1.61328697205
1.81301403046
1.87249779701
1.59041118622
1.71023488045
1.70270490646
1.99235606194
1.81405186653
1.58405303955
1.66879487038
1.82045388222
1.80326509476
1.70783495903
1.79851698875
1.69682002068
1.69418096542
1.69385004044
1.90124487877
1.7986741066
1.69953799248
1.79827713966
1.6007039547
1.692704916
1.80625796318
1.89864897728
1.70264911652
1.69243097305
1.79979300499
1.69367909431
1.70834207535
1.6820089817
1.69586396217
1.70074295998
1.71284604073
1.68395280838
1.81346893311
1.69090390205
1.894135952
1.70654416084
1.900151968
1.68098115921
1.82557106018
1.77641701698
1.80821299553
1.60627198219
1.78943705559
1.79073691368
1.71428012848
1.69010686874
1.69512915611
1.80134701729
1.80093193054
1.69052696228
1.70784091949
1.59062719345
1.59896492958
1.60546207428
1.80647087097
1.78739976883
1.7880179882
1.69763803482
1.71835398674
1.70045900345
1.78103899956
1.79972600937
1.79619812965
1.81625294685
1.88459014893
1.66894578934
1.72821807861
1.69637513161
1.72852492332
1.66719293594
1.60309195518
1.71931290627
1.70373296738
1.77339482307
1.79148602486
1.69943904877
1.60011982918
1.7137260437
1.68688797951
1.69109296799
1.61296200752
1.79396700859
1.69314479828
1.7921769619
1.72722601891
1.5840780735
1.78814315796
1.57757782936
1.71506309509
2.30579185486
1.69177103043
1.70229101181
1.68527197838
1.7204887867
1.70726799965
1.78123092651
1.80034899712
1.69263195992
1.80530190468
1.49359488487
1.62586307526
1.80345892906
1.78047800064
1.78498101234
1.50341796875
1.71340298653
1.59123015404
2.00729703903
1.68152999878
1.79494905472
1.7247979641
1.68847703934
1.689412117
1.67016291618
1.73250079155
1.68946814537
1.69229888916
1.70189976692
1.69863700867
1.91169285774
1.59476304054
1.69601488113
1.69620299339
1.69913601875
1.59690999985
1.802546978
1.70232915878
1.70533800125
1.70362877846
1.77969908714
1.71376991272
1.66388392448
1.73253393173
1.8914399147
1.69741106033
1.70073795319
1.78719091415
1.60989189148
1.89600086212
1.69492602348
1.69831490517
1.69991993904
1.70005106926
1.80730295181
1.59300398827
1.59913802147
1.90217590332
1.69795703888
1.68517613411
1.61766600609
1.79584598541
1.79135918617
1.69616103172
1.60274982452
1.59168100357
1.79992198944
1.61025619507
2.01278710365
1.68694519997
1.79542398453
1.78538513184
2.00187802315
1.79548811913
1.81290793419
1.79387593269
1.79475212097
1.70180702209
1.82263898849
1.87157702446
1.80965709686
1.59171795845
1.59406590462
1.90065908432
1.89598202705
1.70302700996
1.88937020302
1.91681003571
1.79531693459
1.78620791435
1.70579385757
1.80514788628
1.8229060173
1.56953191757
1.88559484482
1.7139480114
1.80732107162
1.6752269268
1.70183801651
1.79599189758
2.09941482544
1.60294103622
1.70109391212
1.69737100601
1.79807305336
1.70890188217
1.98777699471
1.60576891899
1.69859790802
1.89706897736
1.69496798515
1.70107293129
1.81160497665
1.60386919975
1.85079503059
1.8316822052
1.68913197517
1.70288515091
1.99303603172
1.70385289192
1.69764494896
1.59464120865
1.83635687828
1.86455702782
1.69783306122
1.69809103012
1.69754004478
1.70020699501
1.69418501854
1.69984388351
1.69600510597
1.71309018135
1.58777403831
1.70604109764
1.60088992119
1.7659239769
1.5320789814
1.89073395729
1.59852910042
1.80393004417
1.79469585419
1.7861289978
1.80779886246
1.79296302795
1.61456298828
1.90804696083
1.88542604446
2.21502494812
1.6833460331
1.69537401199
1.80355501175
1.69707608223
2.10103702545
1.89062285423
1.89738202095
1.80681705475
1.91211295128
1.67871189117
1.69616699219
1.69877409935
1.71644306183
1.77703499794
1.6040790081
1.80334186554
1.88434004784
1.71100282669
1.6023581028
2.09368109703
1.79527497292
1.80912899971
1.69197702408
1.69039797783
1.68121504784
1.72483491898
1.8036339283
1.89346790314
1.881731987
1.71370387077
1.6859061718
1.70204114914
1.50828194618
1.78111720085
1.60555195808
1.78924798965
1.74581313133
1.66216802597
1.70017814636
1.6919760704
1.69843912125
1.70406198502
1.57035398483
1.59295988083
1.81355214119
1.91511201859
1.77279806137
1.60518503189
1.78242993355
1.60305809975
1.6060769558
1.78906679153
1.61757802963
1.48280906677
1.71743106842
1.57450795174
1.51060700417
1.69973802567
1.60716295242
1.58506894112
1.69916701317
1.65438103676
1.61021113396
1.59378409386
1.60383200645
1.69208598137
1.59522604942
1.71671009064
1.59289002419
1.70204591751
1.68320202827
1.60701298714
1.5855281353
1.50262093544
1.60182213783
1.49646401405
1.60111093521
1.50353503227
1.6937661171
1.50393295288
1.6937379837
1.61874008179
1.57728791237
1.69892692566
1.60332322121
1.79331994057
1.59380602837
1.74581718445
1.79487705231
1.52204918861
1.69054198265
1.59971094131
1.59839296341
1.78052806854
1.63585305214
1.67890501022
1.71732807159
1.59222602844
1.69510793686
1.69703412056
1.60175418854
1.60095596313
1.59475493431
1.69433093071
1.60655093193
1.81538510323
1.67116999626
1.70049405098
1.59486413002
1.80039906502
1.62058806419
1.57237100601
1.71359801292
1.57253694534
1.69099092484
1.59373378754
1.69525194168
1.6937930584
1.59126210213
1.61058306694
1.4955599308
1.71227884293
1.68934011459
1.58789110184
1.60269594193
1.6973669529
1.60094690323
1.70499801636
1.69130897522
1.710283041
1.69512677193
1.58884191513
1.70740509033
1.59976601601
1.59656000137
1.62587404251
1.6645181179
1.51037287712
1.59181904793
1.60256004333
1.69115400314
1.79640102386
1.507833004
1.67814016342
1.70643186569
1.70360612869
1.60103917122
1.79623198509
1.70108890533
1.59348297119
1.50611305237
1.68943595886
1.60931491852
1.48353600502
1.70213699341
1.70818686485
1.50229907036
1.68955779076
1.60003614426
1.49381399155
1.79588508606
1.70418286324
1.60191392899
1.81091499329
1.88249111176
1.60280919075
