Experiment Results
0.379280805588
0.390248060226
0.301630973816
0.394976854324
0.305927991867
0.402229070663
0.396239995956
0.399065971375
0.300310850143
0.391918897629
0.312880039215
0.389731884003
0.301017045975
0.396240949631
0.301695108414
0.395602941513
0.301743984222
0.397107124329
0.300981998444
0.397693157196
0.378973960876
0.393301963806
0.325229883194
0.393811941147
0.305176019669
0.395677089691
0.397070169449
0.475203990936
0.318163156509
0.306544065475
0.398041009903
0.396110057831
0.303663015366
0.405678033829
0.460095882416
0.329088926315
0.404573917389
0.477936983109
0.314866065979
0.396518945694
0.403310060501
0.394661903381
0.401328802109
0.399378061295
0.397198915482
0.401738882065
0.313333034515
0.379176855087
0.317940950394
0.38263297081
0.390025854111
0.389678955078
0.31502699852
0.400365829468
0.377362012863
0.403974056244
0.309710025787
0.40349984169
0.330405950546
0.371424913406
0.396766901016
0.402726173401
0.396609067917
0.393284797668
0.488950967789
0.31272816658
0.396149873734
0.300559997559
0.396111965179
0.299898862839
0.399310112
0.397983074188
0.308633804321
0.29341006279
0.397890090942
0.394969940186
0.298979997635
0.396169185638
0.307030916214
0.39377117157
0.301438093185
0.391863107681
0.405264854431
0.399778842926
0.402704954147
0.471435785294
0.321301937103
0.397272109985
0.387914896011
0.309551000595
0.383314847946
0.314075946808
0.403096199036
0.396970033646
0.395140171051
0.406040906906
0.394756793976
0.385437965393
0.39689707756
0.400170087814
0.395279169083
0.401659011841
0.397959947586
0.404980897903
0.393833875656
0.412675142288
0.294183015823
0.310539007187
0.387413978577
0.48438000679
0.401409864426
0.400728940964
0.299230098724
0.411545038223
0.372009992599
0.315611839294
0.363219022751
0.30152797699
0.399091005325
0.399300813675
0.396205186844
0.483544111252
0.316051006317
0.395167827606
0.393419027328
0.401210069656
0.479692935944
0.318848848343
0.396782159805
0.401481866837
0.47807598114
0.407236814499
0.400573015213
0.400067090988
0.395553827286
0.310508012772
0.386064052582
0.314771175385
0.481579065323
0.312751054764
0.4044880867
0.395853042603
0.318985939026
0.398996114731
0.364331960678
0.31405210495
0.390300035477
0.304921150208
0.500571012497
0.29320192337
0.501923084259
0.398768901825
0.489075183868
0.309741020203
0.296226024628
0.379832983017
0.402722120285
0.409869194031
0.302701950073
0.489895105362
0.396574020386
0.396483898163
0.413394927979
0.296848058701
0.489764928818
0.394827127457
0.409247875214
0.399984121323
0.485665798187
0.316158056259
0.479027986526
0.311157941818
0.385895013809
0.399700880051
0.408993005753
0.272500991821
0.513833999634
0.364932060242
0.32527089119
0.388774871826
0.479324102402
0.320523023605
0.393934011459
0.305644989014
0.401734113693
0.486877918243
0.397578001022
0.312644004822
0.475692987442
0.404036045074
0.404017210007
0.420855998993
0.286609888077
0.481797933578
0.317097902298
0.399044036865
0.479979038239
0.396529197693
0.388859987259
0.321424007416
0.40122294426
0.399976015091
0.482058048248
0.317257881165
0.486112117767
0.385305166245
0.396253108978
0.311401844025
0.487872838974
0.386645793915
0.410722970963
0.394407987595
0.321053028107
0.387117862701
0.306605100632
0.480350971222
0.401036977768
0.398293972015
0.39715385437
0.401987075806
0.308182001114
0.416095018387
0.471093893051
0.304646015167
0.407842159271
0.292625188828
0.402439117432
0.401051044464
0.467674970627
0.329566001892
0.479678869247
0.322274923325
0.387651920319
0.399296998978
0.407793998718
0.382433891296
0.39365196228
0.389253854752
0.326510906219
0.480037927628
0.386605978012
0.319339990616
0.491068840027
0.383245944977
0.413911819458
0.314416885376
0.398431062698
0.301399946213
0.407514095306
0.3762550354
0.306617975235
0.396048069
0.483190059662
0.322147130966
0.264268875122
0.501262903214
0.474071979523
0.397838830948
0.398290157318
0.399464130402
0.316372156143
0.295968055725
0.397299051285
0.296944141388
0.387713909149
0.315991163254
0.395509004593
0.486070871353
0.312613964081
0.401130914688
0.29877781868
0.481913089752
0.315348148346
0.470371007919
0.425551891327
0.385755062103
0.402595043182
0.411353826523
0.398823976517
0.3813829422
0.401975870132
0.30784201622
0.387406110764
0.399291038513
0.401252985001
0.311439037323
0.393965005875
0.298420190811
0.31670498848
0.468115091324
0.313709020615
0.483147144318
0.397598028183
0.402958869934
0.396366119385
0.397790908813
0.314659833908
0.300592899323
0.48960018158
0.39617395401
0.398452043533
0.314459085464
0.485034942627
0.400372028351
0.302213907242
0.394732952118
0.40083193779
0.389652967453
0.397070884705
0.40051984787
0.405008077621
0.399345874786
0.309617996216
0.485332012177
0.315940141678
0.478815078735
0.315536975861
0.398055076599
0.489660024643
0.31064414978
0.493762969971
0.30415892601
0.396909952164
0.299014806747
0.493479967117
0.302255153656
0.302115917206
0.399811029434
0.481600999832
0.321172952652
0.389064073563
0.29981303215
0.300946950912
0.396587848663
0.400460004807
0.398796081543
0.398375034332
0.430114030838
0.369905948639
0.400992155075
0.392314910889
0.404542922974
0.393824100494
0.390499830246
0.39044380188
0.405550003052
0.314128875732
0.48067688942
0.401449918747
0.394451856613
0.313894033432
0.397991895676
0.397813081741
0.304976940155
0.482664108276
0.400827169418
0.312440156937
0.477792978287
0.317898988724
0.40051984787
0.482977867126
0.395545005798
0.318768024445
0.468296051025
0.404695034027
0.314427852631
0.40765786171
0.477974891663
0.406927108765
0.311250925064
0.485632181168
0.379678010941
0.332086086273
0.396772146225
0.402318954468
0.311941862106
0.372906923294
0.405547142029
0.395613908768
0.514219045639
0.282925128937
0.374607086182
0.328109025955
0.485635995865
0.394760847092
0.39838886261
0.282058000565
0.39860701561
0.300520181656
0.381798028946
0.427255868912
0.469029903412
0.401273965836
0.313617944717
0.484445810318
0.312272071838
0.484523057938
0.40575504303
0.389482975006
0.399616003036
0.403376102448
0.395002126694
0.319287061691
0.392252922058
0.316572904587
0.277410984039
0.387816905975
0.390949964523
0.321360826492
0.397808074951
0.482746124268
0.317052125931
0.396871089935
0.495452165604
0.301842927933
0.491935014725
0.299031019211
0.435873985291
0.370406866074
0.485296010971
0.311563968658
0.397392034531
0.402125120163
0.390737771988
0.486363887787
0.309422969818
0.52071595192
0.282791137695
0.483556985855
0.332998991013
0.377644062042
0.394931077957
0.393558979034
0.408064126968
0.386476993561
0.313249111176
0.496870040894
0.379355192184
0.320121765137
0.437964916229
0.461498975754
0.37535405159
0.321947097778
0.482849121094
0.312643051147
0.482926130295
0.314177036285
0.402444124222
0.388118028641
0.396157026291
0.38928103447
0.312463998795
0.506821870804
0.288115978241
0.302065134048
0.400350809097
0.395516872406
0.51602101326
0.276398897171
0.302729845047
0.39849281311
0.3812251091
0.314713001251
0.265973091125
0.407931089401
0.294306993484
0.402865171432
0.36735701561
0.413964986801
0.311867952347
0.395186901093
0.297933101654
0.388372898102
0.398396015167
0.392879009247
0.407899856567
0.307774066925
0.373976945877
0.327461957932
0.40035200119
0.398460865021
0.48214006424
0.397643089294
0.399760961533
0.313827991486
0.396846055984
0.400387048721
0.485394001007
0.328393936157
0.384503126144
0.39707493782
0.396415948868
0.389295816422
0.309700965881
0.39527797699
0.393800020218
0.30383515358
0.299751996994
0.397135019302
0.300567150116
0.395766019821
0.298806905746
0.302330970764
0.394905090332
0.309648036957
0.392143964767
0.485298871994
0.310956001282
0.490099906921
0.303436040878
0.299749851227
0.295683145523
0.302710056305
0.299539089203
0.400609970093
0.395828008652
0.299831867218
0.401876211166
0.397530078888
0.398599147797
0.473567962646
0.321287155151
0.391644954681
0.394917011261
0.397407054901
0.397046089172
0.315250873566
0.393790960312
0.302399158478
0.401054143906
0.442126989365
0.317124128342
0.300997972488
0.398978948593
0.301785945892
0.483976125717
0.312417984009
0.396536827087
0.308542013168
0.485244989395
0.509966850281
0.480220079422
0.31445813179
0.483296871185
0.308970928192
0.389877080917
0.311817169189
0.519577026367
0.279215097427
0.488097906113
0.392724990845
0.312305927277
0.395850896835
0.304916143417
0.403921127319
0.391912937164
0.393811941147
0.301259040833
0.301262140274
0.383126974106
0.41387295723
0.295068979263
0.301042079926
0.398756980896
0.301614999771
0.395003080368
0.390566110611
0.316593885422
0.388277053833
0.304605007172
0.400318145752
0.393406867981
0.311215877533
0.487682819366
0.299588918686
0.298352003098
0.303829908371
0.397388935089
0.483774900436
0.407367944717
0.303093194962
0.303179979324
0.482867002487
0.335998058319
0.370875120163
0.306391000748
0.48247385025
0.398854017258
0.41016292572
0.301728010178
0.395349979401
0.266573190689
0.400671958923
0.382086992264
0.402200937271
0.396305084229
0.311357975006
0.30020904541
0.482834100723
0.316016197205
