Experiment Results
1.60867500305
1.31748890877
1.35789084435
1.45093393326
1.37673592567
1.35598993301
1.22675395012
1.16768288612
1.08298492432
1.27051186562
1.26642203331
1.25999498367
1.17999792099
1.17128109932
1.26758289337
1.07476592064
1.07744312286
1.41544389725
1.13634514809
1.18669891357
1.29549503326
1.13959598541
1.07382488251
0.988837957382
1.17894792557
1.06231093407
1.29568505287
1.25348305702
1.17721104622
1.28515195847
1.0827999115
1.06835412979
1.09059596062
0.972342014313
1.09578800201
1.06480884552
1.07856893539
1.08570790291
1.08467793465
1.18382191658
1.28447389603
1.07303595543
1.28865599632
1.17256999016
1.09342885017
1.06865000725
1.08473396301
1.19165992737
0.997719049454
1.1656999588
1.1864991188
1.08525395393
1.11462807655
1.26788592339
0.976558923721
0.990581989288
1.08175802231
0.979369163513
0.98171210289
0.90961098671
1.06433987617
0.892579078674
1.17723107338
1.00376105309
1.08621501923
0.972397089005
1.09454298019
0.978296041489
1.0995721817
1.17058992386
0.98886013031
0.987281084061
1.00105786324
0.97808098793
1.08462619781
1.19407391548
1.18608379364
1.09604883194
0.978260993958
0.99023604393
1.01355910301
1.06346988678
0.996699094772
1.02537608147
1.04511499405
1.08823394775
1.18538308144
1.08537888527
1.01531410217
1.17248487473
1.08201694489
1.18570303917
1.00004506111
0.979166030884
0.988218069077
1.09412693977
1.07743096352
1.00391817093
1.07702612877
0.894558906555
1.50345396996
1.4298620224
1.34275603294
1.33911585808
1.35108590126
1.26800203323
1.26041698456
1.17614293098
1.16973209381
1.27459597588
1.15529799461
1.27724409103
1.17561888695
1.16973900795
1.27413010597
1.06337094307
1.17559289932
1.2677719593
1.18560791016
1.27985501289
1.16772413254
1.08511281013
1.16612005234
1.17580604553
1.18572092056
1.16342115402
1.1767039299
1.18490290642
1.08909511566
1.35883903503
1.17820000648
1.08710885048
1.15951299667
0.897770881653
1.16016411781
1.08104991913
1.18126392365
1.08490109444
1.20596694946
1.25892114639
1.20588493347
1.05327010155
1.17954015732
1.0806210041
1.28050804138
1.0950820446
0.988484859467
1.27402210236
1.09297513962
1.0732858181
1.00020384789
1.0732281208
1.09294295311
1.17540311813
0.989252090454
1.07804012299
1.0986828804
0.977777004242
0.977454900742
0.902925014496
1.07724785805
1.09719419479
0.97568488121
0.883134126663
1.08885502815
1.09180378914
1.1832909584
1.08026885986
0.99797296524
1.08008980751
0.986413002014
0.993385076523
1.09006094933
0.882110118866
1.10101103783
1.08685612679
0.994441986084
1.06790399551
0.994913101196
1.00682497025
0.963496208191
1.18267393112
1.08777189255
1.09407186508
0.986030817032
1.09788107872
1.07578706741
1.20787882805
0.971130847931
1.18719005585
0.990092039108
1.09675788879
1.09231305122
0.979004144669
0.984996080399
1.00811600685
0.973868846893
0.898350954056
1.08021187782
1.00657510757
1.38906598091
1.25603795052
1.41533994675
1.42852711678
1.38329386711
1.25363492966
1.36064696312
1.24433207512
1.11005496979
1.13259196281
1.16673898697
1.09352302551
1.2878921032
1.13029003143
1.27470993996
1.17041397095
1.16945004463
1.18820285797
1.17989206314
1.17766499519
1.77605700493
1.15264010429
1.20715308189
1.14092683792
1.28632283211
1.06798505783
1.18744206429
1.16708993912
1.11140680313
1.25913214684
1.16510009766
1.08046388626
1.18741512299
1.19478702545
1.25702190399
1.08420205116
1.18434381485
0.971348047256
1.17907500267
1.21933913231
1.15901184082
1.17068910599
1.18431305885
1.07271695137
1.09047603607
1.18363189697
0.987611055374
1.18514609337
0.974673986435
1.08679795265
0.985103130341
1.08771896362
1.08767700195
0.97736787796
1.19411206245
1.00776720047
1.13749694824
0.997690916061
1.20968198776
0.965224981308
1.07524704933
1.11069202423
1.07407212257
0.97808098793
1.09449911118
0.978587865829
1.1982729435
1.072742939
0.992411136627
1.18259906769
1.1876180172
0.990851163864
1.09938812256
0.988061904907
1.06734204292
1.1008310318
1.1758890152
1.10494303703
1.20133113861
1.06894803047
0.996211051941
0.988279104233
1.26627707481
1.10461902618
1.1140730381
1.04455685616
1.08937382698
1.08579683304
0.992751121521
1.11183905602
0.985939025879
0.991847991943
1.08834409714
0.96383190155
0.992653846741
1.08240580559
1.000882864
1.0779440403
1.08879113197
0.99578499794
1.51448988914
1.31224393845
1.44082689285
1.35427093506
1.15494894981
1.25218105316
1.35177493095
1.19150280952
1.06167912483
1.16463899612
1.17784190178
1.17238378525
1.36976385117
1.27871108055
1.17086100578
1.19040894508
1.16388702393
1.17614603043
1.07541203499
1.26492094994
1.26888394356
1.27623295784
1.27610182762
1.1831278801
1.2695748806
1.17404007912
1.19393420219
1.17094421387
1.07088017464
1.38158607483
1.0748860836
1.07794284821
1.18771314621
1.07115006447
1.39726090431
1.16934299469
0.977635145187
0.989930868149
1.07697081566
1.17561817169
1.18721389771
1.18588209152
1.26509690285
1.18253898621
1.08981585503
1.07831096649
0.983476877213
1.21618199348
1.05942606926
1.08463096619
0.993686199188
1.27462100983
1.09236001968
1.10370898247
1.05755996704
0.985410928726
1.21164393425
1.0695939064
0.994024038315
1.08221197128
0.997879981995
0.963895082474
0.999052047729
1.07689213753
1.08823108673
1.19075703621
1.084897995
0.987593173981
1.09583806992
1.0879919529
1.17442893982
0.992218971252
1.08682703972
0.985343933105
1.09577798843
1.08042907715
1.09246087074
1.01113605499
1.18963384628
1.26877617836
0.986086845398
1.28544902802
0.998306035995
1.07619190216
1.09661102295
1.08010482788
1.08456015587
1.29980897903
1.00058794022
1.16723704338
0.994426012039
0.980264902115
0.98940205574
1.09112119675
0.986291885376
1.22639083862
1.05268597603
0.986321926117
1.09845519066
1.01211714745
1.48145413399
1.3264131546
1.44652318954
1.25095200539
1.25397396088
1.35817313194
1.1647799015
1.17820501328
1.1805639267
1.24358487129
1.17376589775
1.16316485405
1.17944216728
1.20204687119
1.04202699661
1.28448414803
1.15985608101
1.19002008438
1.16606783867
1.18172383308
1.16116595268
1.30209207535
1.16989302635
1.15648579597
1.06639504433
1.08936595917
1.18372988701
1.16104006767
1.28377199173
1.26976299286
1.08227014542
1.08894896507
1.17274880409
1.17293596268
1.21329402924
1.14975786209
1.08044099808
1.2138209343
1.04987692833
1.20490694046
1.17309498787
1.17221283913
1.27884912491
1.18424916267
1.08630013466
1.09069705009
1.16591000557
1.41543412209
0.957838058472
0.989794969559
1.09527301788
1.16324710846
1.00863814354
0.977104902267
1.08125710487
1.18585705757
1.27505302429
0.990504026413
0.992060184479
0.979918956757
1.18055200577
0.896398067474
0.981053829193
0.987915992737
1.18551802635
0.900352954865
1.0799369812
1.18625593185
1.19211792946
1.07630491257
1.19365096092
0.987159967422
1.20152187347
0.985954999924
1.07525396347
1.10381388664
1.08954882622
0.996910810471
1.05983400345
0.987783908844
0.987736940384
1.10680103302
1.27845191956
0.978618860245
0.986665010452
1.08639001846
1.09028220177
0.998399019241
0.994202852249
1.07282090187
0.992163181305
1.29944086075
1.08968710899
1.00369906425
1.16069889069
1.00420808792
1.17917895317
0.99308681488
1.0984210968
0.981943130493
1.50864911079
1.41779112816
1.53502488136
1.25732493401
1.4681429863
1.26780891418
1.35095310211
1.24588799477
1.08769083023
1.26438999176
1.25653004646
1.27894306183
1.16471004486
1.17091822624
1.07937693596
1.1642780304
1.17378902435
1.18316411972
1.27403998375
1.26553797722
1.08902907372
1.25945520401
1.16703605652
1.17966103554
1.19332718849
1.16060686111
1.0868999958
1.17421793938
1.30273914337
1.34885406494
1.18493318558
1.08220100403
1.19156694412
1.06161689758
1.16765499115
1.0971159935
1.26786804199
1.08275508881
1.08606815338
1.08591508865
1.06560993195
1.08333396912
1.1807410717
1.27839779854
0.993580102921
1.17182707787
0.979744911194
1.28947210312
1.01534700394
1.08700609207
1.04962491989
1.1876938343
1.08437395096
1.08406996727
1.10243701935
1.07166910172
1.1894390583
1.00264883041
0.9686191082
0.985028028488
1.09547805786
0.981476783752
0.979700088501
1.08896708488
1.08964395523
1.08210492134
2.09198689461
1.09837889671
1.18004608154
1.38435316086
0.978929042816
1.10069203377
0.990489006042
0.791268110275
1.08400821686
1.17964196205
1.0113401413
1.05874490738
0.992382049561
1.09177494049
1.01204490662
1.08970689774
1.07235622406
1.08104991913
1.08875393867
1.0786781311
1.00038981438
0.975139856339
0.991517066956
1.19030404091
1.2851319313
1.08948588371
1.0932970047
1.19295692444
1.08169794083
1.7873249054
0.991554021835
0.994472026825
1.09906291962
0.989671945572
