Experiment Results
6.36645889282
5.66748118401
5.45150780678
5.83294081688
5.26109910011
5.45252394676
5.39422392845
5.34300899506
5.27028989792
5.86571407318
5.15861392021
5.2859890461
5.30645298958
5.75623607635
5.64848899841
5.18866991997
5.65574002266
5.05904698372
5.70499515533
5.15983486176
8.18311595917
6.43489694595
5.09919905663
5.17001700401
5.55595803261
5.45389103889
9.3594148159
5.76598787308
5.71611404419
5.42310404778
5.05590796471
7.90082597733
7.78434491158
4.95524001122
5.59185791016
5.264523983
5.52401709557
5.56809186935
7.24349021912
5.20232391357
6.29133200645
5.22905707359
9.15756583214
5.36966013908
5.32484507561
5.49729204178
5.5060801506
7.68278598785
5.76351499557
5.21686697006
7.85341501236
5.55357384682
5.53970193863
5.88682293892
4.99282312393
5.37823009491
5.07495093346
6.33361411095
8.30746817589
5.1321849823
5.37738800049
5.52135205269
4.68267393112
6.58390688896
4.9372780323
5.62088799477
5.93876314163
5.5013358593
5.15110301971
5.28367900848
5.50762891769
5.31447005272
5.13043498993
6.75997185707
7.77825093269
5.51750802994
5.58647489548
5.02999782562
5.45385599136
5.26152896881
6.00167012215
5.14474201202
5.13048005104
5.73718905449
5.8234910965
5.50498485565
5.73762607574
5.10617017746
6.20819997787
5.59406900406
8.20785593987
5.87193608284
5.17301297188
4.92992782593
5.25934910774
5.302328825
6.49695014954
5.33208799362
5.7206389904
5.73183488846
6.25495100021
5.43215489388
5.47317504883
6.80950808525
5.95291900635
5.94969701767
5.68768906593
5.46927499771
6.4607000351
8.49829697609
5.68876695633
5.70920395851
5.39711594582
7.37199997902
5.12458491325
9.04083895683
5.37530779839
8.4202849865
5.98072504997
5.49253296852
5.45707201958
6.01639509201
6.67941999435
5.62002301216
5.58430290222
7.3093521595
6.9721159935
5.25116801262
5.28156709671
8.40198397636
5.05512213707
7.34706711769
8.12175607681
6.66381406784
5.6716799736
5.57112383842
7.79315304756
5.2033970356
5.26228904724
5.09291315079
5.35878992081
5.08117794991
5.07825016975
5.68365502357
5.81864285469
6.09743499756
6.62244486809
5.6740128994
5.38703799248
5.54361820221
5.65143680573
5.30030202866
5.63935303688
5.16385197639
5.02425122261
5.27842402458
5.10841703415
5.80416703224
5.65400099754
5.09926795959
5.3291258812
5.54815888405
5.70193910599
5.46320700645
5.36932492256
5.40107488632
6.17342710495
5.28449892998
5.77702188492
7.19229102135
6.25364279747
5.52811002731
7.08623099327
7.98575496674
7.46448397636
5.25677680969
7.19014883041
5.2420270443
7.01531004906
5.30315685272
5.29288506508
4.96911907196
5.81691384315
5.69494700432
5.53306794167
7.66639089584
5.24912714958
5.57016897202
5.46036100388
5.58383607864
5.73555088043
5.83832716942
5.29008102417
5.10518503189
5.48143482208
5.68253183365
5.38181400299
5.09324884415
5.46748495102
6.67845892906
5.88523411751
5.94674301147
5.75947809219
5.91640615463
9.87833809853
5.79054689407
5.5699160099
5.63245105743
5.30085515976
6.14575099945
5.29295301437
5.6582069397
5.57891798019
7.31862807274
5.35414910316
5.94764399529
5.65443682671
5.37521386147
5.33187794685
5.82138204575
5.77758097649
6.2181019783
5.73317694664
7.33977794647
5.19813919067
6.61642003059
5.17988419533
5.9619140625
5.15439796448
6.43625593185
5.60629701614
5.62892413139
5.61392593384
5.44149208069
5.75007200241
5.59196996689
5.30155491829
5.46694493294
5.2173871994
5.87758803368
5.22189092636
5.71868801117
7.48375701904
5.52104401588
6.83743691444
6.28033185005
5.15951490402
5.47822785378
9.51780486107
6.11257815361
5.31510210037
5.79142308235
5.59193086624
5.63342785835
5.5662021637
5.1817779541
5.39986991882
7.49339413643
7.15217900276
5.13195109367
5.9163851738
5.26167106628
5.509111166
5.70439910889
7.88706302643
5.86700296402
5.50089001656
5.93543505669
7.61718320847
5.22552394867
5.25479602814
5.38129711151
6.42861700058
5.49779820442
6.79461288452
6.2713599205
5.808811903
5.34952902794
4.93647098541
5.12783503532
9.72449207306
5.72147011757
5.59555792809
7.39501595497
5.19739699364
5.43762993813
5.48429012299
5.27760910988
5.45530891418
5.90461707115
5.82325601578
5.57760691643
5.44398784637
5.44809007645
6.2431268692
5.38675689697
5.97144412994
5.40813589096
6.08124303818
5.30009698868
5.78399801254
5.73075604439
5.62697100639
5.76604604721
5.6049580574
5.28209090233
5.68272900581
5.48407793045
5.56059503555
5.61323285103
5.42357611656
5.39809894562
5.28255414963
7.88570404053
5.1465549469
7.59679198265
6.23726606369
5.96267604828
5.88944816589
5.41928911209
5.31871795654
6.199644804
6.1980779171
5.41455292702
5.97681212425
5.4385330677
5.43394804001
5.65162301064
5.72290110588
5.8939230442
6.18759298325
5.41404104233
5.51169300079
5.7550008297
5.4751060009
4.99022984505
5.58104801178
5.60875701904
5.33164000511
5.7388920784
5.50242400169
5.42403197289
5.49648404121
5.33012604713
5.26015281677
5.34472990036
5.77338790894
5.93663191795
5.52966499329
7.29537701607
7.7811858654
6.88815307617
5.78954410553
5.28494000435
5.2717871666
5.77850699425
5.68903803825
5.55347394943
5.34621691704
5.16020298004
5.48965287209
5.422549963
5.24586009979
5.49502801895
5.15013098717
7.48992300034
5.43643403053
8.4125289917
6.92731595039
5.81500601768
5.37353181839
7.78868603706
7.6823348999
8.24404382706
5.73388409615
5.88325810432
5.0552380085
5.52833294868
5.5910680294
5.57719302177
5.49107789993
5.72263503075
5.58126497269
6.3947930336
5.35212182999
11.7350399494
7.78872203827
5.25729608536
5.98149394989
5.71786212921
7.29466700554
6.21275687218
5.31082606316
11.7271399498
5.44576692581
5.21767091751
5.5422668457
5.49957919121
5.22858405113
5.7948050499
6.49048900604
5.80861997604
5.83511805534
5.34813904762
5.90207600594
5.64901304245
5.93017792702
5.69278097153
6.2171459198
5.40659308434
5.21344089508
8.57649612427
5.45439004898
6.46179699898
6.29899096489
6.06618094444
8.0750041008
5.22084307671
5.47385501862
8.19892907143
8.775578022
7.93662810326
5.42915487289
5.94917201996
5.88347387314
5.51337599754
5.61581397057
5.69269299507
5.66692900658
6.06937789917
5.59131193161
5.61346101761
5.5221619606
5.54941701889
5.46949601173
5.54967403412
5.41671895981
5.53588795662
7.37529015541
5.70101213455
5.78016090393
5.46318387985
5.64423894882
5.0389881134
7.7881860733
9.23578310013
4.89686012268
6.52373099327
5.26721811295
5.27681589127
5.52270579338
7.66779398918
6.34881496429
7.61636209488
5.37331008911
5.46802902222
5.68139982224
6.79276299477
5.68309187889
10.7895948887
6.77317500114
4.89715194702
6.89754009247
7.83552718163
5.49561500549
5.14319586754
5.89569687843
5.55624890327
5.43822383881
11.9143610001
5.39685797691
5.62511086464
5.7774579525
7.37793087959
9.63974404335
11.5299599171
11.3251101971
7.34069395065
5.34232091904
5.5407269001
5.42396593094
9.64373087883
7.82290196419
5.24603414536
5.50684189796
6.24421000481
6.46350908279
5.86770486832
5.54146099091
5.12982797623
5.59842300415
10.9970760345
6.48824095726
6.17024111748
10.8183071613
5.45396399498
6.0726120472
5.26909399033
5.83819794655
5.76700997353
7.6838247776
7.56918692589
6.32190513611
6.33978581429
5.98046398163
6.03102183342
5.50998497009
5.72808694839
5.58917593956
5.53657412529
5.56084394455
5.20470404625
5.64062404633
5.28226304054
5.58515787125
12.2731940746
5.72169589996
5.71470713615
10.1082699299
6.57145094872
6.88089990616
12.9011919498
5.81645298004
5.25833201408
5.46406602859
5.17817902565
8.37973499298
5.59284806252
5.90987110138
5.52296996117
11.3123960495
9.26996016502
5.28869318962
5.74801087379
5.65401816368
5.67656207085
5.52154994011
5.20107698441
5.45825195312
5.59156298637
5.52842283249
5.53882288933
5.57108592987
4.91264200211
6.55646300316
5.82338190079
5.24538302422
7.37358593941
5.34617900848
5.76370692253
5.65151906013
5.2003839016
5.54011392593
4.89471006393
8.13529992104
8.96004295349
8.09106206894
5.55119013786
5.74737906456
5.4128639698
5.46338796616
5.6169719696
5.59249591827
5.02065300941
9.38109207153
5.34248805046
5.39976286888
5.58179593086
6.82437705994
5.8506321907
6.59181308746
5.48352098465
5.17552304268
5.99306988716
5.60834598541
6.0668118
6.540569067
5.64247202873
11.4523849487
5.128937006
11.3518180847
6.70934104919
6.01460814476
5.36805105209
5.70620918274
5.59126496315
5.94024300575
5.43277812004
6.5436899662
5.25041413307
6.1529340744
6.09414696693
6.01050186157
5.77634692192
5.38941502571
5.39998292923
5.51118612289
5.14874792099
5.09024214745
5.69070005417
