Experiment Results
0.388180971146
0.396790981293
0.308665990829
0.390235185623
0.312837839127
0.39804315567
0.386718988419
0.308259010315
0.3884100914
0.308068990707
0.399312973022
0.390592813492
0.397868871689
0.395461082458
0.31650686264
0.485332012177
0.307569980621
0.505697965622
0.293416023254
0.485377073288
0.310836076736
0.402618169785
0.399991989136
0.397718191147
0.40043592453
0.49467420578
0.303385019302
0.397819042206
0.481575012207
0.314449071884
0.402479887009
0.388882875443
0.389485120773
0.310722112656
0.399999141693
0.400516986847
0.40074300766
0.482366085052
0.318012952805
0.26203417778
0.38724398613
0.3102850914
0.400943994522
0.482897996902
0.329108953476
0.470196962357
0.402678966522
0.276333808899
0.296169042587
0.388273000717
0.318989992142
0.466740846634
0.319795131683
0.393932819366
0.307564020157
0.306300878525
0.476753950119
0.393598079681
0.322588920593
0.403759002686
0.392649173737
0.476634025574
0.41841506958
0.388062000275
0.397979974747
0.402095079422
0.396313905716
0.399991035461
0.313523054123
0.480666875839
0.310497999191
0.399558782578
0.407098054886
0.398160934448
0.290630102158
0.488080024719
0.398190021515
0.411183834076
0.386389970779
0.403964042664
0.308184146881
0.400506019592
0.481529951096
0.329160928726
0.381411075592
0.405050992966
0.31645822525
0.372684001923
0.370702028275
0.48685002327
0.308714866638
0.399441957474
0.388015031815
0.309476137161
0.385063886642
0.401191949844
0.309473991394
0.396608114243
0.304995059967
0.392570018768
0.302609920502
0.483102083206
0.314799070358
0.498866081238
0.295923948288
0.302884101868
0.405560970306
0.385291099548
0.35732293129
0.314970016479
0.403542041779
0.391211986542
0.487920999527
0.395495176315
0.31643986702
0.380370140076
0.399016857147
0.315840005875
0.395081996918
0.400998830795
0.430401086807
0.366460084915
0.397380828857
0.423702001572
0.375473022461
0.393988132477
0.301718950272
0.399405956268
0.490840911865
0.394428014755
0.306571006775
0.391350030899
0.411281824112
0.296127796173
0.51144194603
0.399181127548
0.371098995209
0.399010181427
0.391817092896
0.40566110611
0.312664985657
0.486377000809
0.395823955536
0.402714014053
0.398591041565
0.397068977356
0.312594890594
0.39796090126
0.400116920471
0.408754110336
0.580746889114
0.335569143295
0.370438098907
0.396250963211
0.327405929565
0.370413064957
0.484346866608
0.33313703537
0.376901865005
0.302599906921
0.397855997086
0.375035047531
0.390079975128
0.388808012009
0.392822027206
0.319860219955
0.380002975464
0.382053136826
0.322681903839
0.389101028442
0.40158200264
0.314799785614
0.294239997864
0.398446083069
0.389657020569
0.408216953278
0.386564016342
0.313569068909
0.396670103073
0.399001836777
0.486192941666
0.399044036865
0.310372829437
0.386423826218
0.31499004364
0.519085884094
0.284878969193
0.474216222763
0.347856998444
0.362095117569
0.300980091095
0.396358966827
0.309594869614
0.403412103653
0.372845888138
0.311216115952
0.394780874252
0.389294147491
0.402563095093
0.412445068359
0.292474985123
0.392199039459
0.300966978073
0.389887094498
0.312978029251
0.394349813461
0.394825935364
0.390155076981
0.310869932175
0.387498855591
0.313988924026
0.39760684967
0.482007026672
0.313234806061
0.402173995972
0.296730995178
0.515992164612
0.290704011917
0.291370868683
0.426087141037
0.368920087814
0.307383060455
0.475258827209
0.402976989746
0.318510055542
0.474056959152
0.318769931793
0.482224941254
0.424585103989
0.283741950989
0.484839200974
0.312339067459
0.39776301384
0.417026042938
0.280033111572
0.386954069138
0.312329053879
0.482270002365
0.403887987137
0.307579040527
0.397845029831
0.390518903732
0.305905818939
0.414011955261
0.285275936127
0.480844974518
0.400578975677
0.400732040405
0.312294006348
0.396418094635
0.3881919384
0.394410848618
0.313379049301
0.405580997467
0.295597076416
0.400035858154
0.382047176361
0.414667129517
0.306413173676
0.473620891571
0.318348884583
0.395311832428
0.398787021637
0.399135112762
0.395733833313
0.483091115952
0.387178897858
0.267640829086
0.383279085159
0.304767131805
0.303296804428
0.395153045654
0.30159497261
0.475282907486
0.404125928879
0.313102960587
0.302796125412
0.313714981079
0.38667178154
0.398391962051
0.295333862305
0.396018028259
0.299411058426
0.296422958374
0.305154085159
0.297255039215
0.486378908157
0.407816171646
0.427622079849
0.274075984955
0.400138139725
0.476270914078
0.355080127716
0.461725950241
0.299973011017
0.483425140381
0.314937114716
0.396301031113
0.389888048172
0.310269117355
0.473489046097
0.437983989716
0.376575946808
0.385311841965
0.401207923889
0.319417953491
0.396336078644
0.299269199371
0.29833817482
0.399796962738
0.301444768906
0.497102975845
0.300571918488
0.382342100143
0.501865148544
0.279778003693
0.300715923309
0.398469924927
0.482928991318
0.398537874222
0.31122303009
0.300255060196
0.489673852921
0.309524059296
0.399662017822
0.394895076752
0.391274929047
0.391366958618
0.400495052338
0.314923048019
0.396059036255
0.302305221558
0.400677919388
0.482758998871
0.318964958191
0.392872095108
0.48567199707
0.397258996964
0.311801195145
0.387475967407
0.396804094315
0.313670873642
0.39935708046
0.409007072449
0.376019954681
0.395289897919
0.417361021042
0.381454944611
0.403145074844
0.413782835007
0.381686925888
0.399843931198
0.39715886116
0.399858951569
0.309425830841
0.299608945847
0.399899959564
0.394959926605
0.387428998947
0.401391029358
0.398360013962
0.396634817123
0.3983938694
0.314294099808
0.395165920258
0.301342964172
0.398254871368
0.426100969315
0.360202074051
0.398015022278
0.366799116135
0.395775079727
0.430817127228
0.365644216537
0.424962997437
0.291280984879
0.48307299614
0.312583208084
0.484397888184
0.312938928604
0.398618936539
0.383073806763
0.410036087036
0.302317142487
0.298776865005
0.299201011658
0.400393009186
0.400115966797
0.394890069962
0.297618865967
0.386122941971
0.314679145813
0.394124984741
0.389335870743
0.395278930664
0.313390016556
0.385110855103
0.310745954514
0.385940790176
0.311679124832
0.328933000565
0.356410980225
0.312640190125
0.398039102554
0.367743015289
0.395181894302
0.305446863174
0.415881872177
0.38053894043
0.397469043732
0.399022102356
0.484001874924
0.310889959335
0.379055023193
0.416826963425
0.386878967285
0.404282093048
0.384364843369
0.321127891541
0.386891126633
0.32067990303
0.487545013428
0.378781080246
0.433328151703
0.371721029282
0.399248838425
0.393449068069
0.418138027191
0.388633966446
0.395159959793
0.399313926697
0.397020101547
0.39995598793
0.398025035858
0.313517093658
0.404039859772
0.391579151154
0.399588108063
0.485270023346
0.428694009781
0.369937896729
0.397639036179
0.400557041168
0.396604061127
0.314194917679
0.398140907288
0.484306812286
0.397662162781
0.400285959244
0.400068998337
0.395360946655
0.401151895523
0.4068171978
0.392548084259
0.394634962082
0.398842096329
0.398452997208
0.401388883591
0.399981021881
0.396229982376
0.400463104248
0.396872997284
0.40120100975
0.309028863907
0.48268699646
0.401915073395
0.397230863571
0.3967461586
0.397921085358
0.403001070023
0.308221101761
0.393024921417
0.392340898514
0.400780916214
0.39900803566
0.39874792099
0.395509958267
0.315095186234
0.396916866302
0.309475898743
0.494438886642
0.289434909821
0.302067041397
0.398323059082
0.485781908035
0.400015115738
0.312124013901
0.47980594635
0.402210235596
0.312288999557
0.397258996964
0.385955095291
0.314037084579
0.483185052872
0.312923908234
0.487930059433
0.333472967148
0.449676990509
0.323702812195
0.392560005188
0.306053876877
0.485398054123
0.398292064667
0.420278072357
0.375664949417
0.307120084763
0.344065189362
0.358269929886
0.298045158386
0.509751081467
0.322574138641
0.451876163483
0.313277959824
0.394870996475
0.308717012405
0.397416830063
0.394682168961
0.396157026291
0.80286192894
0.48391699791
0.308064937592
0.393023967743
0.394562005997
0.312494039536
0.481384992599
0.31546998024
0.484616994858
0.398151159286
0.311079978943
0.374804019928
0.456243991852
0.452710866928
0.39893913269
0.39904499054
0.397696971893
0.396558046341
0.4118309021
0.389616966248
0.338151931763
0.35782289505
0.403731107712
0.304588079453
0.297883987427
0.387935876846
0.408760070801
0.386507987976
0.32901597023
0.471215963364
0.398755073547
0.398411989212
0.308211803436
0.402341127396
0.398694992065
0.396196842194
0.387887001038
0.396501064301
0.398378133774
0.319383859634
0.392381191254
0.41196513176
0.287693023682
0.491027116776
0.390357017517
0.390466928482
0.317526817322
0.299464941025
0.297141075134
0.298296928406
0.305506944656
0.411299943924
0.28459405899
0.298685073853
0.393661022186
0.391429901123
0.312358140945
0.400565862656
0.487418889999
0.398679971695
0.305099010468
0.391963005066
0.394108057022
0.330202102661
0.378625154495
0.389212846756
0.31170296669
0.486639976501
0.405148983002
0.396331071854
0.318408966064
0.388460874557
0.400055885315
0.48249578476
0.315268993378
0.396328926086
0.428578138351
0.271202087402
0.406290054321
0.385188102722
0.304026842117
0.397610902786
