Experiment Results
3.22104310989
2.96960091591
3.00104403496
2.71385788918
3.19723916054
2.87054014206
2.89494013786
3.22248888016
3.09124183655
2.91796803474
2.76192903519
2.90207099915
2.54117703438
2.67133903503
2.80649495125
2.6937019825
2.79513597488
3.18015217781
2.69991898537
2.81678700447
2.69254183769
2.99824380875
2.89091992378
2.50480914116
3.09297609329
2.59349799156
3.11382603645
2.48760294914
2.83371400833
2.77219891548
2.71563220024
5.19073700905
2.89558386803
2.99392390251
3.09913992882
2.69854784012
3.20132303238
2.89825701714
3.09573698044
2.68979978561
2.65808701515
2.2010781765
2.51628494263
2.90065097809
2.30933308601
2.88788890839
2.6023209095
2.4954829216
2.5940451622
3.19914197922
2.70967507362
3.19740796089
2.77248001099
2.42188501358
2.68860721588
2.6099820137
2.80613899231
2.27000617981
2.82131791115
2.58002114296
2.40335893631
3.21000003815
2.59557294846
2.45064806938
2.65213608742
2.58279299736
2.89951205254
2.11967110634
2.70323395729
2.50867605209
2.78040194511
2.37097501755
2.7208108902
2.8916490078
2.54926514626
2.51193904877
2.4973180294
2.51919913292
2.47907495499
2.71672582626
2.89206695557
2.6753411293
3.11041593552
2.49124407768
2.50070595741
2.89118099213
2.82753419876
2.78620505333
2.77863693237
2.77359509468
2.80852508545
3.19700503349
2.59580993652
3.11135292053
2.49809384346
2.57521319389
2.73317909241
2.57699918747
2.79691696167
2.51067709923
3.08621311188
2.38769507408
2.91998004913
2.79011011124
3.13317704201
2.70959806442
2.75939011574
2.61245799065
2.55789613724
3.02988886833
2.6008310318
2.78934907913
2.56230807304
2.72103500366
2.61844706535
2.6822719574
2.61128211021
2.58634209633
2.69538497925
3.03749608994
2.68689799309
2.80064892769
2.47450494766
2.61634898186
2.46323513985
2.61853599548
2.79912590981
2.70509910583
2.79910492897
2.36161589622
2.73654007912
2.69501399994
2.76436710358
2.81224989891
2.61078000069
2.9132938385
2.5869281292
2.9094889164
2.88436102867
2.72720694542
2.89897203445
2.76259493828
2.92558097839
2.2892510891
2.68414902687
2.61378097534
2.58393311501
2.82050395012
2.6095969677
2.88439798355
2.48763513565
2.80609679222
2.60371303558
2.98830580711
2.58438110352
3.1219830513
2.61705088615
2.97150611877
2.61192297935
2.79111504555
2.80226898193
2.89575481415
2.58127784729
2.53131699562
2.68741297722
3.06530809402
2.41663908958
2.70968008041
2.59780597687
2.67880415916
2.6079928875
2.51592898369
2.78938603401
2.2071249485
3.00329899788
3.10626602173
2.76725006104
3.22357916832
2.76183199883
2.7092590332
2.69786286354
2.50931787491
2.50816392899
2.59027814865
2.58286809921
2.81995010376
2.94738793373
2.74902105331
2.5878880024
3.08983516693
2.6960170269
2.9989759922
3.33038401604
3.07204389572
2.49113893509
2.6101641655
2.38190984726
2.82685112953
2.80075383186
3.67371487617
2.61465001106
2.98122406006
2.59634995461
2.67772197723
2.51804900169
2.72875404358
2.60476994514
2.86889505386
2.50976085663
2.49712109566
2.6972630024
2.51655888557
2.47378802299
2.60648298264
2.70192098618
2.86572504044
2.87832784653
2.51259994507
3.1935749054
2.60200095177
2.91771221161
2.58111405373
2.59639692307
3.20338916779
2.67713499069
3.14347696304
2.64511203766
2.60602498055
3.09103012085
2.57762384415
3.1106159687
2.49298119545
2.72384190559
3.39692807198
2.69508695602
2.9794049263
2.90307497978
2.61182594299
2.60086989403
2.97854185104
2.58644318581
2.81573390961
2.58693599701
2.83769583702
2.90368700027
3.16428899765
2.50266504288
2.51172590256
2.58199191093
3.20839309692
2.80131578445
2.98205494881
2.71993899345
2.78899097443
2.87782096863
2.9220252037
2.61125588417
2.6913869381
3.71552991867
2.44287705421
2.63372707367
3.25122904778
2.7029569149
3.24183893204
3.06585884094
2.68361711502
2.58791899681
2.82587194443
2.68677902222
2.49400901794
2.90954113007
2.38793802261
2.71622109413
2.68513894081
2.71120905876
2.5999288559
2.59020781517
2.60505509377
2.70062494278
2.70329189301
2.89001893997
2.68716406822
2.76198410988
2.94254016876
2.80793213844
2.69943809509
2.58238196373
2.59499192238
2.76862597466
2.5883409977
2.71833395958
2.80379796028
3.23621487617
2.86164307594
2.46272206306
2.73422789574
2.60633182526
2.67045211792
2.52928185463
3.17138504982
2.80137109756
2.49793696404
2.6862039566
2.60831093788
2.79831385612
2.51497507095
2.62704896927
2.56071901321
2.97075605392
2.54749298096
2.7701921463
2.32525801659
2.9207971096
2.76995682716
2.93046689034
2.68450307846
3.45236086845
2.7249250412
2.90548610687
2.58270812035
2.49952983856
2.89580202103
2.49591112137
2.69913887978
2.81716895103
3.08451795578
2.61669206619
2.97573304176
2.61173081398
2.99172210693
2.70660305023
3.09646582603
2.58722615242
2.70316195488
2.80336308479
2.78996610641
2.68602800369
2.75825786591
2.52941989899
2.63155412674
2.49216485023
2.86752200127
2.52991199493
2.94532299042
2.76468586922
2.79495501518
2.27833509445
2.59576416016
2.60380506516
2.67913603783
2.89834594727
2.69193005562
2.91558790207
2.72441482544
3.02591609955
3.01201200485
2.80560684204
2.56738901138
2.82863283157
2.57352399826
2.92672896385
2.74832081795
2.60617494583
3.07791090012
2.72062897682
2.79306483269
2.70113587379
2.68693208694
2.61875295639
2.8008480072
3.39834499359
2.5792350769
2.90598678589
2.43736720085
2.83078694344
2.70755410194
2.90893411636
2.88779902458
2.32201480865
2.78966808319
2.57309412956
2.81748795509
2.71342992783
2.88691496849
2.59436511993
2.51766300201
2.78136897087
2.60027694702
2.61605906487
2.67850589752
2.91249895096
3.1216609478
2.86567401886
3.19476103783
2.7011859417
2.5992770195
2.58886098862
2.69650292397
2.92400312424
2.77196907997
2.59134292603
2.95131492615
2.45800995827
2.80464506149
2.68896698952
2.91300797462
3.21936821938
2.96618199348
2.71184515953
2.78360581398
2.90165495872
2.49000096321
2.51226305962
2.69635105133
2.70737504959
2.91033101082
2.9877820015
2.79662013054
2.60336494446
2.58273911476
2.70571208
2.69346499443
2.48620700836
2.65381193161
2.55769515038
2.39547586441
2.5768020153
2.32025694847
2.5922358036
2.81272792816
2.4947450161
2.60177922249
2.89295387268
2.79428792
2.60054588318
2.76531505585
2.84097290039
2.89542102814
2.73241400719
2.78549098969
3.25847411156
2.82722711563
2.58629608154
2.78761792183
2.70739102364
2.58992910385
2.79512500763
2.5926721096
2.70863199234
2.51470398903
2.65116405487
2.54345989227
2.68093800545
2.51435208321
2.58557295799
2.51300597191
2.80054306984
2.6043279171
2.7865691185
2.28196191788
2.49306893349
3.30302786827
2.49855089188
2.58601903915
2.71667289734
3.23621201515
2.8489420414
2.53893113136
2.68629288673
2.68344211578
2.90535998344
2.90525603294
2.7060379982
2.69049501419
2.99640703201
2.47140312195
2.71479701996
2.80592012405
2.3980550766
2.58149504662
2.50532984734
2.90237903595
2.80721902847
2.59317803383
3.0964319706
2.71526479721
2.99014687538
2.69951200485
2.70153808594
2.59146285057
2.56518220901
2.53354501724
2.91165304184
2.57729482651
2.80314898491
2.54918909073
2.61111092567
2.60754799843
2.69423818588
2.49214196205
2.71228504181
2.58977103233
2.65677595139
3.23116707802
2.71501994133
2.70437598228
3.05790615082
2.74226713181
3.0711209774
2.50441598892
2.70258283615
2.80390286446
2.69680690765
2.98147702217
2.72483587265
2.89670991898
2.59520196915
2.61510682106
2.6622710228
2.72419309616
2.79039096832
2.58330988884
2.41026687622
2.40755605698
2.68103599548
2.57483100891
2.12429594994
2.90682411194
2.38169908524
2.52200508118
2.68493199348
2.51841902733
2.50306391716
2.69851088524
2.67220306396
2.3876709938
2.60211086273
2.40208888054
2.36612606049
2.51467418671
2.929666996
2.67141890526
2.99075889587
2.56046199799
2.83189082146
2.62505817413
2.89585900307
2.71030807495
2.87434720993
2.66158390045
3.25235104561
2.76097106934
2.73316693306
2.96783685684
2.72387290001
3.27899813652
2.61451387405
2.98776602745
2.49512004852
2.71676301956
2.7908821106
4.00911903381
2.59352302551
3.02972102165
2.34401106834
2.87519598007
2.62258911133
2.65839385986
2.57914185524
2.57644701004
2.59403610229
2.48912000656
2.64038109779
2.4878051281
2.98277592659
2.8184261322
2.74003314972
2.6216609478
2.68096804619
2.34514808655
2.30375695229
2.79462409019
2.48519611359
2.80809593201
2.80008101463
2.61291885376
2.97207403183
2.85120201111
2.44980597496
2.80503582954
2.48771095276
2.58226203918
3.20857381821
2.7321460247
3.05071616173
2.51186490059
2.89962315559
2.8993639946
2.67823195457
2.42077088356
