Experiment Results
0.698616981506
0.710227966309
0.688560962677
0.629194021225
0.78159403801
0.609293937683
0.595690011978
0.704679965973
0.696477890015
0.605006933212
0.779502868652
0.704098939896
0.688622951508
0.618698120117
0.701860189438
0.779689788818
0.703197002411
0.615481853485
0.696751117706
0.783489942551
0.70045208931
0.696625947952
0.693460941315
0.707835912704
0.697104930878
0.685003995895
0.710620164871
0.61300110817
0.786889076233
0.699584007263
0.681407928467
0.723965883255
0.60177397728
0.787054777145
0.613921880722
0.767498970032
0.717088937759
0.706470012665
0.703648805618
0.604772090912
0.779418945312
0.682715177536
0.711091041565
0.615545988083
0.709857225418
0.681489944458
0.786149024963
0.608536958694
0.60959815979
0.780372858047
0.609743118286
0.697234869003
0.709182977676
0.593805074692
0.779930114746
0.703845977783
0.695930957794
0.694274902344
0.704688072205
0.694285869598
0.620348930359
0.78200507164
0.613545894623
0.773745059967
0.61816906929
0.672718048096
0.71156001091
0.612570047379
0.790783882141
0.698580026627
0.61071395874
0.793365001678
0.610638856888
0.778091907501
0.715607881546
0.595160007477
0.787046909332
0.608978033066
0.705264806747
0.694635152817
0.781410217285
0.7034740448
0.609843969345
0.770002841949
0.623536109924
0.774659872055
0.713628053665
0.696543931961
0.611032009125
0.690051078796
0.609576940536
0.790709018707
0.606037139893
0.699428081512
0.782482862473
0.700173139572
0.608807086945
0.703990936279
0.601526975632
0.784934043884
0.701732158661
0.698750972748
0.711702108383
0.591550111771
0.700838804245
0.78173995018
0.71707201004
0.782768011093
0.612931013107
0.693336963654
0.785614967346
0.618185997009
0.781011104584
0.621578931808
0.629108905792
0.667684078217
0.799257993698
0.657581090927
0.64026594162
0.672930002213
0.699574947357
0.612919092178
0.695672988892
0.689001083374
0.698567152023
0.694526910782
0.623562097549
0.771394968033
0.615101099014
0.688701152802
0.693886041641
0.703090906143
0.60635304451
0.603678941727
0.789690971375
0.608913898468
0.803251981735
0.592951059341
0.701732873917
0.777482032776
0.701829910278
0.606446027756
0.689306020737
0.611815929413
0.686898946762
0.613299846649
0.783238172531
0.615525960922
0.793344974518
0.60294008255
0.700054883957
0.639003992081
0.65543794632
0.787433862686
0.608428955078
0.610352039337
0.776723146439
0.704524040222
0.603518009186
0.772653102875
0.625715970993
0.69894695282
0.699643135071
0.78151011467
0.694642066956
0.620490074158
0.693349123001
0.602936983109
0.697373867035
0.704835891724
0.690732955933
0.789250135422
0.724734067917
0.655788183212
0.624846935272
0.699827194214
0.782415151596
0.700761079788
0.611876964569
0.68670797348
0.701803207397
0.60833978653
0.694752931595
0.697854995728
0.684108018875
0.707354784012
0.615612030029
0.778750181198
0.702447891235
0.721535205841
0.585222005844
0.711644887924
0.771208047867
0.701267004013
0.688472986221
0.633683919907
0.766214132309
0.720813035965
0.59670996666
0.777450084686
0.705240011215
0.815968036652
0.593162059784
0.604820013046
0.697778940201
0.781250953674
0.682821035385
0.738476991653
0.674112081528
0.70486998558
0.696131944656
0.70946097374
0.686418056488
0.698797941208
0.693445920944
0.615999937057
0.684696912766
0.723828077316
0.776455163956
0.696769952774
0.611442804337
0.785768032074
0.696182012558
0.613263845444
0.698018074036
0.776428937912
0.622641086578
0.702939987183
0.77078294754
0.705796957016
0.614285945892
0.812757015228
0.585614919662
0.897560834885
0.696594953537
0.696671962738
0.705650091171
0.771420955658
0.719737052917
0.809880971909
0.667968034744
0.703246831894
0.701378107071
0.691322803497
0.708950996399
0.691032171249
0.704283952713
0.696619033813
0.610081195831
0.698574066162
0.679065942764
0.620087862015
0.599802970886
0.696133852005
0.677864074707
0.621901988983
0.697705984116
0.79345202446
1.60453915596
0.701585054398
0.782026052475
0.610962867737
0.783900976181
0.707823038101
0.605538129807
0.7809278965
0.612303972244
0.599633932114
0.702330827713
0.591763973236
0.612215042114
0.774913072586
0.703324079514
0.612690925598
0.77904510498
0.715786933899
0.687705993652
0.698557138443
0.714479923248
0.595803976059
0.685679912567
0.611512899399
0.789834022522
0.607744932175
0.799580097198
0.696320056915
0.59966301918
0.704612016678
0.693938016891
0.775334119797
0.710113048553
0.61147403717
0.81636595726
0.580644130707
0.784773111343
0.625360965729
0.773499965668
0.614646196365
0.702415943146
0.690716028214
0.6178150177
0.766659021378
0.701922893524
0.610620975494
0.784868955612
0.69510102272
0.705681800842
0.60519695282
0.692497968674
0.594264030457
0.607781171799
0.781041145325
0.706779003143
0.606205940247
0.689781904221
0.697873830795
0.609109163284
0.795803070068
0.68755197525
0.70339012146
0.604158878326
0.688230991364
0.672430038452
0.613121986389
0.816169977188
0.579853057861
0.816634178162
0.670547008514
0.696751117706
0.613173007965
0.698528051376
0.697396039963
0.704014778137
0.782661914825
0.608862161636
0.785609006882
0.699851989746
0.695337057114
0.703263998032
0.613886117935
0.734732151031
0.66143989563
0.692598104477
0.618298053741
0.686097145081
0.785455942154
0.700199842453
0.609297990799
0.695761919022
0.817873954773
0.669891119003
0.618552923203
0.78236913681
0.605560064316
0.686870098114
0.722660064697
0.67343711853
0.706869125366
0.696553945541
0.730732917786
0.670537948608
0.716123819351
0.677482128143
0.722256183624
0.674329042435
0.695041894913
0.703140974045
0.610971927643
0.79975104332
0.590393066406
0.691738128662
0.690609931946
0.619140863419
0.786112070084
0.607238054276
0.600878953934
0.791419029236
0.609499931335
0.781481981277
0.614051818848
0.696986913681
0.595241069794
0.712598085403
0.591704130173
0.780187129974
0.627026796341
0.767404079437
0.704051971436
0.612457990646
0.701558828354
0.686857938766
0.700956106186
0.694213867188
0.616818904877
0.780386924744
0.61455488205
0.695173025131
0.77933216095
0.617660999298
0.702291965485
0.729105949402
0.853731155396
0.680294036865
0.719125986099
0.635333061218
0.755372047424
0.696188926697
0.702342033386
0.716079950333
0.682226896286
0.613528966904
0.776240110397
0.697082996368
0.616024017334
0.794397115707
0.714637041092
0.592757940292
0.780776023865
0.701001882553
0.61177611351
0.78408908844
0.620187997818
0.677727937698
0.613744020462
0.694513082504
0.700276851654
0.789944171906
0.743812084198
0.651002883911
0.610714912415
0.782747030258
0.699955940247
0.831161975861
0.667433977127
0.703157901764
0.6967689991
0.690206050873
0.693109989166
0.703467845917
0.704384803772
0.728249073029
0.579032897949
0.702174901962
0.69603395462
0.704496860504
0.696887969971
0.695832967758
0.691354036331
0.614196062088
0.689760923386
0.78867816925
0.613059997559
0.785626173019
0.625216960907
0.771656036377
0.690943002701
0.618890047073
0.697355985641
0.788511991501
0.615584850311
0.776120901108
0.695711135864
0.698436021805
0.619562864304
0.701817989349
0.775008916855
0.617003917694
0.769144058228
0.625503063202
0.818552017212
0.671442985535
0.721130847931
0.670940876007
0.612496137619
0.696912050247
0.693387985229
0.689651012421
0.611259937286
0.714926958084
0.77387881279
0.694728851318
0.713861942291
0.671246051788
0.630417823792
0.689053058624
0.610234975815
0.690980911255
0.696341991425
0.599357843399
0.815431833267
0.582179069519
0.704422950745
0.778599023819
0.613793134689
0.785603046417
0.613179206848
0.79122710228
0.602089881897
0.601567983627
0.790085077286
0.674972057343
0.716212034225
0.696159124374
0.613572835922
0.709300994873
0.776892900467
0.683051109314
0.702682971954
0.709337949753
0.697116136551
0.703511953354
0.613624095917
0.677350997925
0.681868076324
0.71361207962
0.618103027344
0.70495891571
0.785953998566
0.687236785889
0.611656904221
0.702513933182
0.699968099594
0.785407066345
0.727636098862
0.621474981308
0.659301996231
0.698573112488
0.782486200333
0.696199893951
0.611617088318
0.692212104797
0.691722154617
0.610448122025
0.603905200958
0.784446001053
0.609245061874
0.707101106644
0.776671886444
0.617038011551
0.783485889435
0.606944799423
0.788969039917
0.726578950882
0.587842941284
0.606312990189
0.689347982407
0.769014835358
0.733704090118
0.58818602562
0.812280893326
0.679171085358
0.692641019821
0.69397187233
0.720695972443
0.682862997055
0.690808057785
0.704602003098
0.699585914612
0.695470094681
0.697654008865
0.703077077866
0.701268911362
0.692866802216
0.702627182007
0.69424200058
0.704121112823
0.697729110718
0.612930059433
0.690808057785
0.783891916275
0.699922084808
0.720506906509
0.595728158951
0.783118009567
0.696685791016
0.689254999161
0.715296030045
0.608227014542
0.699473142624
0.775643110275
0.712871074677
0.719893217087
0.675853013992
0.65873503685
0.711679935455
0.592705965042
0.79030585289
0.692689180374
0.698823928833
0.700227022171
0.720808029175
0.689279079437
0.596418142319
0.683758020401
0.701524972916
0.697902917862
0.609102010727
0.715173959732
0.770473003387
0.701575040817
