Experiment Results
1.66063094139
1.4047498703
1.49243998528
1.60065293312
1.51272106171
1.47253584862
1.50518894196
1.60838913918
1.58846402168
1.40236210823
1.58756494522
1.5129878521
1.49044704437
1.49098420143
1.51013302803
1.50502991676
1.59950494766
1.60452198982
1.48360204697
1.50160503387
1.49279499054
1.4041891098
1.46537995338
1.65530490875
1.56934213638
1.40932488441
1.5484688282
1.63942790031
1.66921710968
1.52936697006
1.50219011307
1.40507602692
1.58521485329
1.52197813988
1.59751200676
1.45798611641
1.52768588066
1.72379922867
1.65914201736
1.50539803505
1.49157500267
1.53713822365
1.56658697128
1.70499396324
1.501060009
1.48664116859
1.51261997223
1.51961183548
1.46467089653
1.50296401978
1.50145292282
1.50954985619
1.69150900841
1.59204292297
1.61351513863
1.48561215401
1.4575381279
1.53499007225
1.50822019577
1.49736809731
1.50075006485
1.58201408386
1.51108407974
1.59144115448
1.499532938
1.5006980896
1.4960038662
1.50466513634
1.62683391571
1.57496809959
1.69594097137
1.59023714066
1.49818992615
1.59578990936
1.50469303131
1.49017715454
1.51034092903
1.49370408058
1.50674700737
1.49570798874
1.50281500816
1.48929095268
1.41343212128
1.58872294426
1.48943710327
1.50908708572
1.49162006378
1.52174305916
1.51132416725
1.68137407303
1.59294891357
1.68553304672
1.61470103264
1.59491920471
1.69123005867
1.52277302742
1.48346185684
1.60646009445
1.53271198273
1.55750989914
1.48293280602
1.59022116661
1.49996590614
1.61317801476
1.69618296623
1.58450603485
1.70127415657
1.60353183746
1.60080313683
1.60129213333
1.70244383812
1.603951931
1.58617997169
1.50189900398
1.70028090477
1.69052410126
1.60296607018
1.59970998764
1.51970887184
1.67040109634
1.50210499763
1.50047898293
1.50280404091
1.50239086151
1.50431799889
1.5824201107
1.48943805695
1.52650499344
1.57165408134
1.60197496414
1.67561388016
1.63377022743
1.68029379845
1.71416091919
1.59592700005
1.59868097305
1.61368298531
1.58189797401
1.59931898117
1.6023080349
1.5927939415
1.59464502335
1.59895610809
1.60656380653
1.60061001778
1.60361409187
1.68556594849
1.59056901932
1.70789694786
1.70477509499
1.69263100624
1.68649792671
1.62205481529
1.59638810158
1.54009509087
1.56873297691
1.58159184456
1.5973470211
1.50610899925
1.49850893021
1.60321497917
1.70104408264
1.56537008286
1.62241697311
1.58113789558
1.61295509338
1.69952702522
1.6767449379
1.51819109917
1.70304489136
1.58412408829
1.60169196129
1.59877204895
1.60323691368
1.69967794418
1.58890080452
1.61855101585
1.57554006577
1.60419511795
1.82197189331
1.50170111656
1.57201910019
1.4936299324
1.50600290298
1.49719381332
1.59851980209
1.40423703194
1.69167900085
1.50371384621
1.49453401566
1.50154495239
1.40225100517
1.6903719902
1.40622711182
1.59648013115
1.58403682709
1.50409793854
1.60336208344
1.59729504585
1.59399104118
1.60904598236
1.48533296585
1.60464596748
1.49422907829
1.48843193054
1.50674104691
1.59290003777
1.5039961338
1.42993307114
1.57800102234
1.69044780731
1.51270294189
1.69231796265
1.59200286865
1.50306081772
1.59412789345
1.53104901314
1.46332883835
1.60218310356
1.49409103394
1.50399589539
1.49372696877
1.50166988373
1.4918680191
1.40969419479
1.68568396568
1.50851893425
1.39983701706
1.59317588806
1.60010886192
1.59441685677
1.60030913353
1.49665999413
1.60708093643
1.39977502823
1.59118294716
1.46518588066
1.62821602821
1.50846505165
1.48600196838
1.53497290611
1.52123999596
1.5307559967
1.5053601265
1.56043696404
1.64273905754
1.51234984398
1.48316788673
1.5022110939
1.59730887413
1.48706912994
1.60254788399
1.43068385124
1.57700300217
1.65358996391
1.63110899925
1.49837112427
1.50455307961
1.60300302505
1.58655714989
1.50074291229
1.52983689308
1.46764087677
1.50225090981
1.49842691422
1.49909591675
1.50278496742
1.62969517708
1.56650805473
1.49457502365
1.50518417358
1.60489392281
1.49774503708
1.69178795815
1.49914002419
1.48941802979
1.40019607544
1.59474992752
1.39737701416
1.50238585472
1.49861383438
1.61098694801
1.68527197838
1.7077960968
1.59118199348
1.59340715408
1.69471597672
1.60503792763
1.59308099747
1.8972671032
1.71165180206
1.59560108185
1.60714507103
1.50862789154
1.57786989212
1.51192712784
1.55792593956
1.53993916512
1.39727020264
1.59864997864
1.58453893661
1.60803103447
1.48654603958
1.49875688553
1.55006694794
1.69543504715
1.49784994125
1.50341200829
1.40158295631
1.5970351696
1.40191817284
1.49047899246
1.50218081474
1.49172401428
1.40986800194
1.59881496429
1.49361300468
1.40910387039
1.58133506775
1.50079298019
1.51022696495
1.59133005142
1.60521101952
1.49947094917
1.48618912697
1.40860199928
1.48592305183
1.51070404053
1.61541581154
1.58160090446
1.50022697449
1.49079394341
1.49496912956
1.51368999481
1.49323010445
1.50859308243
1.49999690056
1.59499597549
1.5849378109
1.5302491188
1.48161816597
1.57580399513
1.41272997856
1.66539692879
1.5905919075
1.51811003685
1.60057902336
1.5835621357
1.51067113876
1.5975728035
1.4994790554
1.50254702568
1.592015028
1.49778795242
1.68055605888
1.50523090363
1.50738811493
1.59096908569
1.5132920742
1.58583498001
1.5176410675
1.58562302589
1.48702502251
1.60982894897
1.59696102142
1.51136517525
1.45126795769
1.5402328968
1.58832812309
1.50632309914
1.48848795891
1.47118902206
1.50224399567
1.52542185783
1.69743394852
1.77086997032
1.50342702866
1.61051011086
1.58211302757
1.68439722061
1.60948991776
1.53736400604
1.47046017647
1.59027385712
1.50078296661
1.48917007446
1.49047803879
1.51142811775
1.50007295609
1.50254893303
1.49510216713
1.60426497459
1.78521895409
1.53640794754
1.57966399193
1.39264702797
1.59788894653
1.69367408752
1.40306591988
1.59834599495
1.49337005615
1.49650096893
1.50283885002
1.49566698074
1.57721185684
1.73314285278
1.5942029953
1.49098992348
1.39938306808
1.60007500648
1.49357390404
1.50197196007
1.58705997467
1.52029895782
1.47361302376
1.40729689598
1.4032459259
1.51346111298
1.58274292946
1.51173400879
1.48436403275
1.49873209
1.5055949688
1.68734097481
1.50278687477
1.59514904022
1.51067209244
1.48183894157
1.506264925
1.49978399277
1.50595211983
1.59379601479
1.59785985947
1.46502900124
1.53149700165
1.39978194237
1.48963212967
1.51133203506
2.1877450943
1.49466896057
1.70705485344
1.51630496979
1.59426808357
1.49721312523
1.58177399635
1.61461591721
1.48339080811
1.66226410866
1.6445980072
1.79706287384
2.2053360939
1.4925558567
1.82418894768
1.56627583504
1.50659990311
1.69553089142
1.5905790329
1.59939193726
1.69985389709
1.5873260498
1.51156616211
1.60077095032
1.49194383621
1.49466204643
1.59941697121
1.60552191734
1.51079106331
1.56771993637
1.59127998352
1.67558884621
1.53347492218
1.47121810913
1.51255702972
1.59947085381
1.59202408791
1.50904583931
1.68201994896
1.69282984734
1.62814497948
1.57779407501
1.46991682053
1.53712201118
1.66222405434
1.52904486656
1.59403705597
1.49768304825
1.59414315224
1.30827903748
1.49311900139
1.59375286102
1.49984812737
1.59735679626
1.4963490963
1.42187714577
1.57848191261
1.50379300117
1.5029771328
1.59791898727
1.49421906471
1.48970603943
1.51270413399
1.58947300911
1.61539006233
1.39236903191
1.58894109726
1.50466895103
1.69729185104
1.49635910988
1.57109689713
1.52703499794
1.70041799545
1.59095096588
1.600949049
1.61259102821
1.68468308449
1.60010504723
1.59824991226
1.59224104881
1.59938216209
1.50929808617
1.59871292114
1.59067606926
1.59553289413
1.50370693207
1.60423898697
1.52188682556
1.57554912567
1.50018310547
1.49618387222
1.50641107559
1.59051895142
1.48900198936
1.51291799545
1.59060001373
1.39699101448
1.59730100632
1.60101294518
1.39253020287
1.4072329998
1.59982204437
1.59625101089
1.40180206299
1.5847568512
1.46108698845
1.5048429966
1.43949317932
1.48637795448
1.60759997368
1.49751400948
1.50393605232
1.59680914879
1.59373307228
1.40049600601
1.69944787025
1.52651906013
1.57753300667
1.49422311783
1.58986783028
1.40130805969
1.59471607208
1.49794983864
1.50614285469
1.59442090988
1.50305390358
1.50460910797
1.79777407646
1.40201306343
1.70397615433
1.47668504715
1.51140904427
1.58967399597
1.40084004402
1.60640597343
1.49799895287
1.49697709084
1.50470089912
1.68469810486
1.49088788033
1.5077650547
1.6047809124
2.08929610252
1.50160288811
1.49903392792
1.39422988892
1.39707803726
1.39479613304
1.50506186485
1.49121284485
1.41118097305
1.39847302437
1.48669409752
1.5943338871
1.42773294449
1.48541498184
1.39704298973
1.49305891991
1.60500407219
1.60395503044
1.4925198555
1.60500097275
