Experiment Results
1.66574883461
1.62358188629
1.78795909882
1.79256010056
1.79753899574
1.6137471199
1.65318989754
1.58935904503
1.60475993156
1.50394511223
1.59987998009
1.68698501587
1.50029802322
1.60389494896
1.60090112686
1.59185695648
1.71945405006
1.58152008057
1.70515394211
1.49586296082
1.59456896782
1.50408697128
1.60384106636
1.68903398514
1.59862995148
1.60667681694
1.78986597061
1.61072301865
1.68152689934
1.59582519531
1.51026916504
1.56456494331
1.70758700371
1.59497189522
1.59205508232
1.59715890884
1.61032295227
1.59403800964
1.70653295517
1.78161406517
1.510242939
1.69547605515
1.58581709862
1.60671496391
1.69244718552
1.80020785332
1.5068628788
1.5868499279
1.51539897919
1.58543515205
1.59341001511
1.58687496185
1.61152291298
1.71211409569
1.5829808712
1.51067590714
1.50192403793
1.70058608055
1.69926691055
1.59034109116
1.6983230114
1.70658111572
1.59306693077
1.79987311363
1.59532999992
1.69441485405
1.59611606598
1.69176387787
1.70827198029
1.60330295563
1.61998486519
1.48531413078
1.68776202202
1.60786390305
1.59706807137
1.68752789497
1.70047688484
1.7124209404
1.69165897369
1.70041513443
1.59507012367
1.80486297607
1.5919239521
1.59703707695
1.69743990898
1.7783010006
1.61409401894
1.60074710846
1.62347579002
1.67993807793
1.59297204018
1.69771695137
1.60002708435
1.80776309967
1.77764797211
1.50900793076
1.60802912712
1.60993695259
1.48629999161
1.59128212929
1.67439699173
1.62196397781
1.57328295708
1.59328794479
1.59550905228
1.61333799362
1.78694105148
1.59281110764
1.51166701317
1.59338092804
1.59688591957
1.59690499306
1.62470698357
1.7712700367
1.61547899246
1.61134791374
1.545981884
1.52832388878
1.73933601379
1.62929391861
1.59679102898
1.5961971283
1.59062814713
1.59356713295
1.61004209518
1.7991669178
1.78936600685
1.6023080349
1.60688304901
1.60177588463
1.86201810837
1.72495484352
1.70790100098
1.79213190079
1.71626210213
1.67691802979
1.6143848896
1.68720006943
1.79332208633
1.69189381599
1.60255599022
1.60083913803
1.59383010864
1.51067709923
1.67000198364
1.5049829483
1.60098695755
1.69281792641
1.59870505333
1.61218595505
1.6818048954
1.59307694435
1.6792140007
1.61434292793
1.61538720131
1.68403601646
1.6216199398
1.70778107643
1.47818779945
1.68590593338
1.59998106956
1.60767102242
1.56769299507
1.68209004402
1.70404410362
1.51104092598
1.50222182274
1.70217704773
1.5801050663
1.69970393181
1.60127401352
1.5059261322
1.7894551754
1.69808316231
1.59378194809
1.60105204582
1.58092904091
1.52865004539
1.58522701263
1.69615292549
1.69880485535
1.70223593712
1.69401216507
1.59827518463
1.61005997658
1.59173202515
1.60407686234
1.38772797585
1.60129785538
1.50499796867
1.59770298004
1.50311398506
1.59316587448
1.5956120491
1.61062884331
1.59510087967
1.58731198311
1.72568297386
1.69963693619
1.67148685455
1.50470495224
1.59984087944
1.59656906128
1.70125985146
1.49713587761
1.58790898323
1.59810400009
1.6072640419
1.7072122097
1.50560903549
1.57599306107
1.59794902802
1.60773611069
1.70100998878
1.59183597565
1.59778881073
1.69379210472
1.40574598312
1.50353097916
1.79224801064
1.62037205696
1.66980195045
1.71106600761
1.69194507599
1.60032200813
1.50869393349
1.68116211891
1.59098911285
1.68437099457
1.6325469017
1.59381389618
1.59731698036
1.50228786469
1.68704509735
1.60091495514
1.7101521492
1.59079504013
1.59146285057
1.61114311218
1.59564208984
1.79835510254
1.5939810276
1.60820484161
1.59399199486
1.58893299103
1.60271787643
1.62637400627
1.5820119381
1.69609594345
1.60572099686
1.47772312164
1.70220303535
1.80252885818
1.59864592552
1.72828698158
1.5696079731
1.69655799866
1.60157680511
1.69328093529
1.5148229599
1.78426194191
1.59927392006
1.6029689312
1.49816989899
1.61571407318
1.68472599983
1.59567117691
1.59827518463
1.78791999817
1.51008296013
1.36218500137
1.50658488274
1.59310698509
1.48597979546
1.60783195496
1.59604501724
1.70482993126
1.68923997879
1.60636305809
1.69566607475
1.69309806824
1.6089720726
1.65580296516
1.60332512856
1.70095801353
1.59354305267
1.59192490578
1.50907301903
1.60057401657
1.58738899231
1.49761795998
1.61128616333
1.59206700325
1.61257791519
1.49400806427
1.59110689163
1.60611987114
1.88436603546
1.50249814987
1.40236711502
1.7305829525
1.56007194519
1.51199388504
1.69815206528
1.60120487213
1.59409689903
1.58921599388
1.66852116585
1.70648193359
1.69379401207
1.79504108429
1.51845097542
1.59427499771
1.69263195992
1.71053910255
1.58220791817
1.69434404373
1.60512208939
1.70454406738
1.57854604721
1.72055912018
1.5092458725
1.65072703362
1.58906292915
1.82162499428
1.58760690689
1.51153683662
1.57640194893
1.70205593109
1.59430503845
1.60769891739
1.6956050396
1.59006810188
1.60721588135
1.69187808037
1.56660699844
1.62884998322
1.56771612167
1.61934113503
1.47784805298
1.60564613342
1.69398283958
1.60571408272
1.6002779007
1.81942296028
1.56449794769
1.59905791283
1.511977911
1.79575586319
1.58609509468
1.58580207825
1.89571809769
1.78731489182
1.63613986969
1.63956093788
1.62200903893
1.50628089905
1.696819067
1.59134793282
1.56964302063
1.59399604797
1.59728598595
1.59762096405
1.60533308983
1.50379395485
1.89361691475
1.59507799149
1.58828282356
1.55513381958
1.64028310776
1.50002884865
1.6771299839
1.60619401932
1.60368800163
1.59592485428
1.59785795212
1.59488391876
1.51105213165
1.59225988388
1.61680603027
1.5831849575
1.59006404877
1.60042715073
1.50051903725
1.50139904022
1.80772590637
1.87472295761
1.6366648674
1.57321310043
1.5951769352
1.70230293274
1.69536781311
1.60486698151
1.65493106842
1.6792371273
1.63450598717
1.58168196678
1.62618899345
1.67721295357
1.50555300713
1.78937697411
1.66922688484
1.60027909279
1.53306412697
1.6887049675
1.6972489357
1.73164010048
1.66157102585
1.50911903381
1.70079779625
1.69997000694
1.70262289047
1.68008208275
1.60503911972
1.69856595993
1.49743294716
1.68710613251
1.61524605751
1.60417795181
1.59048485756
1.60101604462
1.70019984245
1.58403897285
1.59887719154
1.70283794403
1.57757496834
1.70258998871
1.71936607361
1.62008595467
1.76384305954
1.7197201252
1.49166798592
1.68641281128
1.5133960247
1.79921412468
1.60983014107
1.78661513329
1.5992410183
1.68588495255
1.50832104683
1.69801497459
1.5019929409
1.69851493835
1.6848449707
1.5987200737
1.59376001358
1.70753884315
1.60757303238
1.58460593224
1.60015487671
1.69892215729
1.70421600342
1.59065294266
1.6095468998
1.69472098351
1.59767198563
1.59068799019
1.4090681076
1.58835101128
1.60453391075
1.695759058
1.5991859436
1.69709086418
1.49738001823
1.62119913101
1.57979202271
1.5991768837
1.59500408173
1.61098694801
1.58985185623
1.70009183884
1.59070014954
1.74219918251
1.76026105881
1.71452093124
1.87858510017
1.6090900898
1.79632306099
1.58422422409
1.58079600334
1.81788301468
1.69901394844
1.5975151062
1.51148200035
1.52322506905
1.76894211769
1.68949103355
1.61519193649
1.68377113342
1.6214761734
1.48890399933
1.58407783508
1.40338397026
1.6995370388
1.59536600113
1.69778609276
1.59829998016
1.59554100037
1.69859910011
1.79530501366
1.61392402649
1.68791985512
1.70394015312
1.80400705338
1.78361606598
1.60371017456
1.80234408379
1.60490989685
1.71769094467
1.68076205254
1.7877600193
1.60552000999
1.68361210823
1.54420113564
1.65845704079
1.69336414337
1.69730496407
1.70248913765
1.70683598518
1.79507708549
1.59954404831
1.69236016273
1.59320902824
1.59977388382
1.60929703712
1.50335907936
1.48299312592
1.59670186043
1.60519909859
1.6026031971
1.50370907784
1.58518886566
1.50680398941
1.58456492424
1.5838561058
1.5278968811
1.68719601631
1.59801912308
1.57501792908
1.62629103661
1.59413290024
1.60169196129
1.50453400612
1.49785089493
1.61243081093
1.55674791336
1.58672499657
1.70109605789
1.60680103302
1.68608498573
1.59662985802
1.62786197662
1.48247003555
1.67980980873
1.61047005653
1.59698987007
1.5975060463
1.59646606445
1.60399985313
1.70552396774
1.68586707115
1.51067614555
1.60135507584
1.68580508232
1.69653105736
1.6966881752
1.5974240303
1.59688401222
1.70148301125
1.57251596451
1.57387518883
1.62090086937
1.59086203575
1.60856103897
1.61705899239
1.57735800743
1.60241508484
1.79158306122
1.7154481411
1.78742098808
1.59692192078
1.59763216972
1.59663295746
1.56836390495
1.71929001808
1.63050889969
1.56816792488
1.71347594261
1.69212889671
1.70155096054
1.70220184326
1.68522906303
1.48006296158
1.60392904282
1.78450083733
1.69913196564
1.55980801582
1.6052069664
1.5932841301
1.5052280426
