Experiment Results
1.64837694168
1.49435806274
1.49907588959
1.40612101555
1.50027489662
1.39639902115
1.48998904228
1.41237187386
1.39510083199
1.39556598663
1.39578390121
1.38083386421
1.4214861393
1.38333797455
1.44603896141
1.48506212234
1.35134220123
1.41999006271
1.50452709198
1.30236291885
1.39966011047
1.49841785431
1.50011396408
1.38870286942
1.40832400322
1.3871319294
1.41522192955
1.3879699707
1.39900302887
1.40621709824
1.59811592102
1.39389395714
1.49519991875
1.50173807144
1.31536507607
1.46853995323
1.39267420769
1.61747694016
1.39213299751
1.39765906334
1.40775799751
1.50293016434
1.39635181427
1.39443302155
1.49718594551
1.46750283241
1.43228197098
1.38816809654
1.53098201752
1.469165802
1.40683507919
1.33026695251
1.36662793159
1.60258197784
1.48470306396
1.42297506332
1.48179912567
1.39559316635
1.40402889252
1.40291786194
1.49218201637
1.50494790077
1.59030914307
1.60648488998
1.4925429821
1.50995492935
1.58059597015
1.60614919662
1.41939783096
1.59540581703
1.37388420105
1.44304299355
1.56165194511
1.50186514854
1.49512076378
1.30059599876
1.3898229599
1.40263485909
1.39908719063
1.3988969326
1.39669489861
1.5081050396
1.39874887466
1.61750102043
1.37460303307
1.36090111732
1.39508509636
1.41540598869
1.4830429554
1.41475605965
1.49035787582
1.39832401276
1.39614105225
1.31239008904
1.58662796021
1.40322613716
1.35243201256
1.48077082634
1.38722300529
1.31773614883
1.48942303658
1.39566898346
1.40358495712
1.50719118118
1.55872917175
1.43257188797
1.28819394112
1.41320300102
1.38574695587
1.40005803108
1.39481592178
1.39951086044
1.41818594933
1.37918710709
1.30569195747
1.50282096863
1.49724793434
1.40003180504
1.29229712486
1.37980890274
1.49080896378
1.50114583969
1.49158787727
1.38860201836
1.3987390995
1.40810704231
1.51705098152
1.48570799828
1.49053692818
1.49139308929
1.50824093819
1.62013816833
1.6657230854
1.31227016449
1.39899992943
1.48875498772
1.4004650116
1.42629694939
1.37513208389
1.60034489632
1.99316000938
1.40170788765
1.39451217651
1.50421714783
1.39537000656
1.41666102409
1.48584508896
1.58997702599
1.39671778679
1.50113606453
1.40067005157
1.39701581001
1.51851081848
1.49193716049
1.49338293076
1.39171385765
1.41458392143
1.48625802994
1.40169906616
1.38963699341
1.48977684975
1.50745105743
1.42232704163
1.28711509705
1.58474302292
1.57304000854
1.42137312889
1.3956720829
1.41060400009
1.30260014534
1.49916386604
1.69611406326
1.39516401291
1.39061403275
1.39821982384
1.52676796913
1.3722679615
1.41003608704
1.39788198471
1.40122509003
1.59115314484
1.49748015404
1.49555397034
1.50381684303
1.51908993721
1.57434415817
1.51734995842
1.47933483124
1.49631404877
1.40798711777
1.48803806305
1.51871705055
1.39341282845
1.39093804359
1.38417601585
1.4156908989
1.49047493935
1.39803409576
1.53496789932
1.36201000214
1.32688784599
1.67713189125
1.49962902069
1.39432692528
1.39359593391
1.39899396896
1.40539097786
1.41384601593
1.48803901672
1.39555597305
1.40364599228
1.67206597328
1.43502187729
1.4772131443
1.42096805573
1.39847493172
1.47041702271
1.40426683426
1.39859294891
1.39778399467
1.40093398094
1.49768185616
1.39449596405
1.39246892929
1.40654611588
1.42480993271
1.20373606682
1.46392202377
1.39986801147
1.30641698837
1.59342694283
1.49512600899
1.39364290237
1.40513300896
1.4028570652
1.40140390396
1.48536396027
1.31199193001
1.49084496498
1.39185595512
1.4060959816
1.38917899132
1.40663814545
1.31231617928
1.48321700096
1.4034512043
1.39267492294
1.39710402489
1.32552099228
1.59290385246
1.3784070015
1.31225800514
1.48730397224
1.415776968
1.49214196205
1.49620103836
1.48708891869
1.40523386002
1.39033293724
1.40405011177
1.40368795395
1.49730300903
1.39863991737
1.59866309166
1.36928200722
1.39037299156
1.39957308769
1.51782608032
1.38204097748
1.38667011261
1.39677596092
1.51370286942
1.39185786247
1.50369882584
1.51874089241
1.3729531765
1.41119599342
1.39130115509
1.50010800362
1.42354106903
1.47303891182
1.39061808586
1.39582705498
1.51414608955
1.51172614098
1.3761780262
1.40588092804
1.48432803154
1.47358012199
1.42877388
1.50015997887
1.39063811302
1.53556799889
1.37118601799
1.39283084869
1.5090739727
1.39493083954
1.42654490471
1.45842719078
1.37956404686
1.50073695183
1.4027030468
1.38388800621
1.38311696053
1.41787314415
1.30310511589
1.39701700211
1.4684150219
1.42242503166
1.31194186211
1.67475199699
1.43991613388
1.47650694847
1.40868806839
1.3791911602
1.40232896805
1.42911696434
1.27398204803
1.4992609024
1.40162587166
1.50515413284
1.48427319527
1.40353012085
1.49535298347
1.51971387863
1.485465765
1.29744195938
1.49460101128
1.50071811676
1.38909196854
1.39801597595
1.40423512459
1.39595794678
1.39778709412
1.33391904831
1.56828689575
1.39778089523
1.3745200634
1.4856069088
1.4059510231
1.36160182953
1.42909812927
1.48555707932
1.40079689026
1.31922912598
1.54970097542
1.42149710655
1.40042114258
1.51898193359
1.51490688324
1.4729809761
1.59758496284
1.39758896828
1.40259981155
1.39075303078
1.41367387772
1.38568615913
1.52330708504
1.46344780922
1.31923413277
1.58883690834
1.4174759388
1.37379598618
1.41449594498
1.38796496391
1.41372799873
1.4823319912
1.39581799507
1.40976190567
1.40114498138
3.6960170269
1.19743490219
1.40148901939
1.49946188927
1.52323794365
1.56315684319
1.39980792999
1.39704799652
1.37780499458
1.48236179352
1.52875900269
1.40625190735
1.37201809883
1.42319202423
1.39892697334
1.39399600029
1.40008401871
1.5093331337
1.49480986595
1.39406514168
1.40958404541
1.39397501945
1.49814200401
1.50580692291
1.39731192589
1.59183192253
1.50150704384
1.30605983734
1.48746991158
1.48806405067
1.41348290443
1.30272388458
1.39989900589
1.48588418961
1.5183160305
1.3888771534
1.48829007149
1.40362000465
1.39992499352
1.40596413612
1.58831906319
1.42650985718
1.46526408195
1.39996695518
1.40191602707
1.31953692436
1.47489190102
1.50585603714
1.51027917862
1.49872279167
1.48151707649
1.39874196053
1.38057279587
1.52282881737
1.48890709877
1.31440901756
1.49257612228
1.48981809616
1.40268182755
1.20831489563
1.48688793182
1.30714011192
1.40847706795
1.29196405411
1.60122108459
1.58654713631
1.30190396309
1.39300990105
1.40838813782
1.48487305641
1.39157414436
1.40600180626
1.40534591675
1.42139005661
1.36972498894
1.3992869854
1.49707794189
1.39907503128
1.41230988503
1.59112095833
1.40726709366
1.49949002266
1.48601818085
1.40379309654
1.50439405441
1.38629817963
1.4110429287
1.3802781105
1.39956092834
1.41529679298
1.48844504356
1.49643111229
1.40340018272
1.49163389206
1.40377092361
1.40609908104
1.38555312157
1.42691993713
1.37390708923
1.49334907532
1.51288414001
1.39304995537
1.28982019424
1.40377497673
1.40447688103
1.39343190193
1.50688886642
1.39520406723
1.41827893257
1.38338398933
1.39124417305
1.3931221962
1.42300987244
1.38069295883
1.38975095749
1.40604901314
1.39749288559
1.39606618881
1.39528799057
1.50329995155
1.39656496048
1.29412698746
1.39885497093
1.47472286224
1.65506100655
1.36643505096
1.52125692368
1.47943902016
1.39576888084
1.41103601456
1.39475178719
1.58612298965
1.39388394356
1.41207194328
1.59194779396
1.39714789391
1.56680297852
1.23265910149
1.49437999725
1.60185909271
1.30541777611
1.29853510857
1.48718094826
1.30456900597
1.37217903137
1.4271941185
1.49141597748
1.44073796272
1.46415901184
1.4981970787
1.40298104286
1.30455303192
1.48553085327
1.39756703377
1.49950504303
1.39749193192
1.4941649437
1.5006480217
1.40562987328
1.39695715904
1.46890807152
1.43448495865
1.48798894882
1.49868798256
1.39785909653
1.60517597198
1.18979597092
1.30992484093
1.42883086205
1.52459597588
1.43305897713
1.40640211105
1.50214314461
1.60093092918
1.40269184113
1.48127508163
1.50545501709
1.3008248806
1.49781513214
1.20236492157
1.37443709373
2.6889500618
1.4309129715
1.488519907
1.42153692245
1.39751291275
1.48792910576
1.29993915558
1.59770798683
1.39347600937
1.49829697609
1.38654398918
1.4117410183
1.39939117432
1.39963197708
1.59349608421
1.47249603271
1.53155398369
1.58399701118
1.42843604088
1.38071393967
1.473487854
1.50774097443
1.40278792381
1.39840197563
1.4024310112
1.4003739357
1.49482488632
1.3983309269
1.40394711494
1.39093589783
1.39744520187
1.41039705276
1.49034905434
1.39946889877
1.40975809097
1.6871008873
1.39970684052
1.49528717995
1.40132498741
1.39881110191
1.39749097824
1.30513000488
1.49710297585
1.49022912979
1.49566102028
1.42873597145
1.47833919525
1.38769102097
1.40184617043
