Experiment Results
3.30777382851
3.60384488106
3.11130595207
3.19215297699
3.29225802422
3.38816189766
3.61411619186
3.18836212158
2.89697194099
3.30350995064
4.39833807945
3.53079104424
3.36878705025
3.08725786209
3.49280595779
2.94590401649
3.27152299881
3.07810115814
3.26325702667
3.43146395683
3.50427699089
3.10161185265
3.62298202515
3.77578210831
3.4046599865
3.48971295357
3.42663097382
3.19287490845
3.23829007149
3.44767999649
3.1810297966
3.40752983093
3.05943799019
2.72814702988
2.93068408966
3.38070392609
2.9960770607
3.58199596405
3.12981200218
3.38372015953
3.10150003433
3.30094003677
3.19062995911
3.09639000893
2.80398702621
3.75482010841
2.93150806427
3.2651591301
3.34328198433
3.00681996346
2.99314284325
3.09819197655
3.00031304359
3.17178201675
3.41826295853
3.1059679985
3.00110316277
3.0971801281
2.89061784744
3.30429887772
2.89602804184
2.9284889698
2.87199282646
2.81249403954
3.08394193649
3.09019899368
3.20657801628
2.98992204666
3.10003185272
3.21840000153
2.98462510109
3.13662099838
2.9206609726
3.1481719017
2.99923300743
2.97874903679
2.90916895866
2.99393701553
2.98374700546
3.42075395584
2.99262595177
3.39426088333
2.80959391594
3.29640579224
2.9773888588
3.55314898491
3.08539199829
3.49354600906
3.07430100441
3.20116496086
3.70578813553
3.30319094658
3.47043895721
3.29630208015
3.28059315681
3.12366509438
2.62742805481
3.38593482971
2.90716314316
3.49630403519
3.02301597595
3.1785800457
2.88135099411
2.80588006973
2.79045200348
3.22629213333
3.07650399208
3.43069887161
3.1654009819
3.3103761673
3.2514269352
3.24247503281
3.29829788208
3.27602910995
2.91474795341
2.80027484894
3.08429718018
2.71995782852
3.2909719944
3.29767918587
3.08495998383
4.47646784782
2.73611998558
2.98839902878
3.19764900208
2.70851612091
3.0007019043
3.0982298851
3.46786594391
3.11146497726
3.00382804871
4.1174249649
2.89133381844
2.78154993057
3.39430904388
3.19893193245
2.7737300396
2.88705396652
3.02661204338
3.42435216904
3.09637188911
2.90037798882
3.11200499535
3.17583680153
3.20645904541
2.88431811333
3.23508691788
3.47598314285
3.01148605347
3.59993505478
3.08859181404
3.400867939
3.10008716583
3.28675484657
3.06648206711
3.1581659317
3.07067704201
3.21851396561
3.2754650116
3.02055001259
3.01045107841
3.30540513992
3.66900014877
3.24496197701
3.04460811615
3.31483411789
2.99758315086
3.08001708984
2.89311981201
3.1134531498
3.09729504585
3.1199400425
3.26980614662
3.41456007957
3.49031090736
2.91007900238
3.07887005806
3.01026201248
3.19699406624
2.99634504318
2.89757418633
2.98917603493
2.95125293732
3.26797986031
3.06738805771
3.23299694061
3.00523805618
3.27873802185
3.21551299095
4.18447804451
2.89512395859
2.98771595955
3.21135997772
3.0022881031
3.30009102821
3.19605898857
3.96197795868
3.4339621067
4.40153408051
3.40373301506
3.39393496513
3.29398298264
3.0108859539
2.98020982742
3.62321400642
3.07610487938
3.28505897522
3.10846996307
3.11557507515
3.32520389557
3.97055411339
3.27868103981
3.1068918705
3.30268502235
3.10238194466
3.19531011581
3.48852515221
3.19804000854
2.99771308899
3.2009408474
3.48934817314
3.18979597092
3.29739308357
3.52561092377
3.48897004128
3.24452590942
2.99108099937
3.17662596703
3.05268192291
3.16245102882
3.29400396347
3.3065700531
3.58915615082
3.69776391983
3.12109208107
3.08957695961
3.19281888008
2.90390706062
3.00326299667
3.13215279579
3.18575882912
3.31967186928
2.9722571373
3.16944408417
3.04372000694
3.45750403404
3.01026797295
3.3993768692
3.08504414558
3.19981002808
3.17397594452
3.14919781685
3.19047689438
3.67693591118
3.1917719841
3.09600090981
2.89686107635
3.41972994804
3.500041008
3.30802702904
3.14186406136
3.24489688873
3.38434886932
3.29604387283
3.02357006073
3.3515329361
3.19940805435
2.79803991318
2.88877010345
3.31021690369
2.98828291893
3.81613707542
3.38745999336
3.01538586617
3.31958889961
3.55546998978
3.40535283089
3.26974987984
3.31308603287
3.08351802826
3.35341095924
3.20446801186
3.0710310936
3.10281300545
3.22880506516
3.71635508537
3.05732798576
3.22402191162
3.09680509567
3.40106296539
6.79019784927
3.58555817604
3.39725995064
4.11721086502
3.19609594345
3.28724694252
3.10940504074
3.39255189896
3.2064139843
3.08422899246
3.49151587486
3.4005651474
3.20302200317
2.91105604172
3.38722014427
3.10571503639
3.40127396584
3.30156612396
3.00473308563
3.28092598915
2.823802948
3.18462204933
3.28978991508
3.09117507935
3.05122303963
3.48151898384
3.77846813202
2.99569797516
3.05788397789
3.23080587387
3.01674199104
3.41883516312
3.17618393898
3.19956994057
3.09260678291
3.20057916641
3.08644986153
3.08346509933
3.21446681023
3.19457387924
3.14409589767
3.06359505653
2.88632512093
3.20078897476
3.28707885742
2.9111468792
3.01606583595
3.20078992844
3.01013898849
3.27395820618
2.880464077
3.11312198639
3.41123390198
3.19693279266
3.20810294151
4.29026985168
3.2986869812
3.20770001411
2.99254798889
4.39433193207
3.11071610451
3.25576519966
4.03143191338
3.41430997849
3.67763495445
3.90145397186
3.30344390869
3.17988991737
2.9858880043
3.23119091988
3.1924071312
3.10172605515
3.29703712463
3.00540709496
3.29319620132
3.2020740509
5.06540679932
3.23487305641
2.99571990967
2.9677438736
3.35717201233
3.14672398567
2.89990901947
3.12001419067
3.41074419022
3.27994990349
3.01286792755
2.97960090637
3.00446605682
3.00852489471
3.49347996712
3.11056017876
3.1772210598
3.19472908974
3.13186502457
3.37464094162
2.9965159893
3.32608699799
3.05642104149
2.91568207741
3.20290207863
3.29915690422
3.19157981873
3.79976606369
3.19918894768
3.18570995331
3.10716319084
3.50386190414
3.09370207787
3.30131411552
3.29020905495
3.06300115585
2.99702882767
3.3095870018
2.99282002449
3.16548609734
3.39293408394
3.35090994835
2.79320907593
3.41096997261
2.98672485352
3.58702993393
2.99238085747
2.98278903961
3.63248896599
2.97656798363
3.00062799454
2.91864109039
3.07851219177
2.90201282501
2.99970197678
3.12686300278
3.25411915779
2.92605900764
3.080493927
2.91354489326
3.00096392632
2.93275594711
3.17309904099
3.17700099945
3.21425390244
3.00026607513
3.19319486618
3.30724096298
3.17881202698
2.91865587234
3.28774094582
3.52382493019
3.04702091217
3.10176301003
3.13558602333
3.27192091942
3.1739089489
3.32123398781
2.97715401649
3.01043319702
3.20432782173
3.38268613815
2.91967797279
2.70131897926
3.17681097984
3.09825515747
3.09832692146
2.9007499218
3.39616203308
3.31236505508
3.27908420563
2.91172409058
3.48766303062
3.29340291023
3.21410703659
2.98807311058
3.60276198387
2.95985603333
2.84779405594
2.95220685005
3.20202612877
2.93681406975
3.761936903
3.10291600227
2.9944460392
3.29301714897
3.51189613342
3.38854312897
3.09707093239
3.39836788177
3.10529088974
3.39999914169
3.08077692986
2.81695199013
3.40279102325
3.08203697205
2.81335616112
3.18831896782
3.11031603813
3.38377285004
3.81281900406
3.3866789341
3.09633207321
3.30872511864
2.96513915062
2.83691000938
3.28789019585
3.0209209919
3.1832420826
3.21413302422
2.97526097298
2.88131189346
3.21173095703
3.29658102989
3.10480117798
3.79042005539
3.39776301384
3.20574116707
3.29078888893
3.40465402603
2.81635093689
3.20276093483
3.37273001671
3.00095295906
2.94224882126
4.05327486992
3.21441197395
3.07972097397
3.30542302132
2.99578213692
2.89712619781
3.30378103256
2.97733283043
3.11729979515
3.29546999931
3.30518817902
2.97855591774
2.81918692589
3.30880904198
3.48379015923
3.30995798111
3.66558480263
3.42553901672
3.10056710243
2.97253990173
3.39683794975
3.10349988937
3.00852489471
3.09259104729
3.40707182884
3.44634103775
3.45725703239
3.50462889671
2.99461603165
3.10211491585
3.18277597427
3.00724196434
3.10097503662
5.2561378479
2.93661808968
3.21350193024
3.26736998558
3.00051403046
2.91189599037
3.00275993347
3.2159011364
3.46431088448
2.90350198746
2.90376496315
3.2018289566
3.29237985611
2.99656391144
2.99315500259
3.12192511559
2.98398208618
3.38230800629
2.91346406937
3.68235588074
4.22566580772
3.09130501747
3.38499307632
3.19712018967
3.10898804665
3.3943259716
2.89602398872
3.31874394417
2.93164801598
3.43367195129
3.02179193497
2.90785908699
3.27765703201
3.3168361187
3.08102297783
2.79810214043
3.20255804062
3.00317907333
3.29767298698
3.30164504051
3.27980113029
4.21449184418
3.49135303497
3.10166788101
3.28924012184
3.09219503403
2.71747708321
3.30001497269
3.18896412849
3.11398911476
3.18000102043
2.79651403427
3.30185890198
2.90145611763
3.00842499733
3.18607497215
