Experiment Results
3.71746015549
7.92386198044
3.44967699051
3.73493409157
6.18057203293
4.34380698204
3.46686983109
5.0656580925
6.37022590637
3.36217498779
4.67975115776
3.36151194572
4.76708579063
3.37353301048
4.78353714943
6.08027982712
3.16877007484
3.96228098869
5.37581396103
10.9719481468
4.67959904671
9.09702706337
3.35556602478
3.4737200737
7.97563290596
3.16899514198
4.58249783516
3.18133020401
5.79308414459
3.65955805779
9.38311505318
3.1885061264
3.18780708313
3.26207900047
5.4046330452
7.34592795372
9.68083691597
10.7930939198
3.56950712204
3.48006987572
10.2680590153
3.10332393646
3.17641782761
3.27779698372
8.08944392204
3.17018890381
7.09607195854
9.18939995766
4.58995389938
3.28630900383
9.97568917274
4.18184089661
3.17266798019
6.38516592979
2.99067306519
5.8894879818
6.81566810608
5.96355986595
3.27817106247
3.38243579865
10.1839110851
3.1922621727
3.88549304008
6.38739490509
6.09176182747
3.08553791046
7.59583902359
8.0775821209
3.28673386574
10.483258009
3.08941793442
8.29475712776
10.9941511154
6.76939797401
9.47992777824
3.40551114082
5.97961497307
3.20375990868
3.46780705452
3.78981399536
3.48646402359
9.11855792999
9.77017712593
2.98589015007
4.86453795433
8.70489311218
10.393517971
3.0827050209
3.17790198326
10.9976699352
3.18343305588
10.60272789
7.2740020752
3.08452796936
10.6403539181
10.6537358761
3.19244599342
8.68757605553
8.67776489258
10.1828260422
3.52011108398
6.79714798927
9.77878499031
3.50960302353
6.96900296211
10.578097105
3.41697907448
3.50117397308
6.77287602425
3.45908999443
7.47268104553
5.85701608658
10.4880990982
10.387280941
3.25220704079
7.68703699112
6.07844591141
4.35757780075
4.3616631031
8.68722295761
6.46943092346
9.36608791351
3.37064695358
7.89040994644
3.47065997124
4.57219910622
9.37755799294
3.38227009773
3.17101788521
3.88054800034
3.36495494843
10.1150569916
4.52743387222
3.12530207634
3.8608109951
7.08306789398
10.0872840881
3.1925368309
3.36820077896
3.20400094986
4.45953798294
4.79788684845
10.9604439735
3.18686509132
8.99770212173
8.67314791679
8.99088287354
7.27325701714
6.47965693474
9.28022098541
3.18762898445
3.27615809441
5.88228201866
5.19639611244
3.57341790199
6.39222192764
6.27679991722
3.48315215111
4.40150594711
3.17914581299
6.59492206573
3.19162297249
9.27215409279
2.97983908653
3.69352197647
5.40411496162
3.16641902924
3.59909200668
3.27684402466
3.28162503242
3.3239710331
10.1931650639
3.45089817047
3.27891993523
3.23078989983
5.75890398026
3.58867406845
6.6993970871
3.18226408958
3.07262802124
7.02905797958
3.34937405586
5.23106694221
2.95856189728
8.10155415535
5.5577340126
5.29930901527
7.27585315704
8.39550304413
4.69308900833
3.21064305305
3.26246786118
5.48406291008
3.09376907349
7.58436894417
3.18011808395
7.68971204758
9.99355888367
3.18676400185
2.90524196625
4.69180893898
3.62782597542
3.54767680168
3.53606200218
6.25085020065
4.59144592285
3.62459802628
4.99593782425
3.34811806679
3.18039703369
6.26652193069
4.87038898468
3.1763188839
9.76299500465
8.79192090034
6.36067390442
3.47439289093
4.36985588074
6.07079005241
5.68477892876
4.86679291725
3.0784599781
8.12160992622
4.50971698761
4.78797578812
3.47576594353
5.07597303391
7.97186899185
8.69316101074
7.05393791199
9.1922211647
3.17373013496
3.4717669487
3.79561805725
3.47598195076
5.7734041214
3.27626395226
5.68448805809
3.27606296539
5.39334392548
3.68016791344
7.19152593613
3.25657606125
9.09278297424
3.37777400017
3.2881398201
3.29116916656
3.37825989723
4.89143896103
3.86774802208
3.51167607307
3.38894605637
3.16156196594
4.58872294426
10.3821008205
3.27446198463
9.29070115089
4.60482215881
3.27131986618
4.19347310066
5.19897913933
3.2523829937
9.89369416237
3.50232100487
9.77173900604
3.28130197525
3.28355121613
5.50957298279
3.45989322662
3.60075592995
8.79799294472
3.38222098351
3.08167600632
3.28977203369
3.27702188492
4.78500795364
3.28269100189
9.70382499695
3.28576517105
2.98722410202
3.18306493759
3.18303418159
3.39861392975
3.2791428566
3.19249081612
8.31067299843
3.25738406181
7.20352387428
3.09114789963
9.27072286606
8.62162590027
3.39383792877
3.45199108124
3.28389215469
7.00001096725
3.11300492287
3.15913677216
3.19569301605
3.38611102104
3.09278178215
3.80631995201
3.90842199326
5.34108614922
3.95138692856
3.5628759861
5.2823369503
3.42833209038
3.259360075
3.19463896751
3.27022695541
3.26200199127
3.27344322205
5.67055106163
3.38089799881
6.05553412437
3.38742589951
8.27317690849
3.31354308128
7.43985509872
3.35346198082
6.56643104553
3.36252999306
3.40790581703
4.16944098473
8.26619696617
8.57898807526
3.38736200333
3.35609793663
6.49320101738
6.36862182617
3.28310084343
6.57351708412
3.18696498871
3.39448881149
5.16719222069
3.28197813034
7.37460398674
3.08230209351
3.21253800392
3.2597360611
3.17770910263
3.3747010231
3.28051710129
5.58101511002
3.35763216019
9.20742511749
7.1782810688
4.09318399429
3.29144501686
3.57006287575
3.86905407906
5.51846790314
2.98135995865
3.67905902863
3.28438282013
3.28183507919
3.31052398682
3.06049513817
3.08635997772
3.22102403641
6.15912103653
3.4730181694
3.19263911247
3.0876789093
2.98038005829
3.09745383263
3.28717303276
3.19977593422
3.49719786644
9.05873084068
3.10079193115
3.19351792336
3.87628006935
2.99200892448
3.18912577629
3.38952112198
3.16034293175
3.42636609077
3.48761701584
6.6712141037
2.88800501823
3.18340277672
5.58846306801
3.28612303734
9.99025797844
3.41639089584
3.0652859211
3.08080005646
3.13307785988
7.54867386818
5.79709506035
7.87818098068
3.32210183144
3.21526312828
5.726998806
3.28115701675
3.30692195892
2.99000310898
3.08992695808
2.89106702805
8.21214008331
3.70303916931
10.7303519249
3.86858820915
3.46047711372
3.43972420692
3.57878494263
3.95922899246
3.47644805908
4.69141197205
3.54248094559
3.17536497116
6.16673207283
3.47292089462
3.28009080887
3.47633886337
3.36182498932
3.38271093369
3.46791791916
4.98152279854
3.46802401543
7.27555298805
3.18661403656
3.27324604988
3.96613502502
3.98656892776
5.37256503105
3.37257003784
3.17925405502
7.37050318718
3.68441295624
5.47991991043
3.27177596092
8.99846100807
3.19154000282
5.75077009201
3.48282909393
3.09260678291
3.96924591064
6.38837814331
3.38047003746
3.07630801201
3.50341892242
3.66118979454
5.08208107948
5.29069495201
6.67477297783
3.37974190712
2.99636507034
3.28005409241
6.58423399925
3.27398610115
3.18606305122
3.00573301315
3.1719648838
3.29115319252
3.08693313599
3.10024785995
3.3634159565
3.47923183441
3.29233407974
3.39531898499
3.2763299942
3.19016599655
2.98453116417
3.20842313766
3.27297306061
3.1765499115
3.38948297501
9.5038189888
3.07271695137
6.20126605034
3.27675104141
5.7012219429
3.68980407715
7.26432180405
3.18995404243
3.39323782921
3.08152198792
8.91329789162
3.28114080429
3.27957201004
3.28409695625
3.19323801994
3.39767313004
3.27706694603
3.08999300003
3.28684401512
3.18977618217
8.49717593193
3.40190196037
3.56585097313
7.27403783798
3.09200811386
3.70445394516
3.08801412582
3.07355213165
3.29608297348
3.09629702568
8.08241987228
7.72040390968
3.58662199974
6.25443291664
7.6927781105
4.21808695793
4.07989621162
3.43672180176
3.36923885345
3.47762012482
3.38023591042
3.1753051281
4.9624209404
5.77441883087
3.5597641468
3.47557997704
3.57538986206
3.77182388306
4.37278294563
3.57399082184
3.2846288681
3.25334000587
3.89424085617
3.47111701965
3.27377510071
3.56489300728
3.28040194511
3.479596138
3.47006082535
3.48212814331
5.98555088043
6.1728181839
4.16860890388
7.90174102783
4.26828789711
6.38203406334
3.37946391106
3.59218811989
3.18475079536
3.26517820358
3.40780806541
3.56347894669
5.97445297241
3.38804507256
3.17231702805
3.25336289406
3.22437596321
3.56943202019
4.99662184715
3.67253112793
5.11166214943
3.26165795326
3.77828502655
4.4968688488
3.17557501793
3.20172715187
3.36417293549
3.19495892525
5.97296500206
3.20366191864
3.27106595039
3.28708195686
3.18710207939
3.18904900551
3.09492087364
3.67206811905
4.49284911156
3.28703212738
2.98046088219
3.09987807274
3.78978800774
3.35891795158
3.81588196754
3.98490905762
3.2127661705
3.15988683701
5.78856301308
3.78788709641
3.26675605774
3.10486006737
4.68793010712
3.48576998711
4.26329684258
6.41606116295
5.3891928196
3.38605117798
4.18480801582
3.99515509605
3.9814388752
3.18273496628
3.80244994164
3.2886941433
3.49100208282
3.88515710831
3.68098902702
3.48752403259
3.39890193939
3.18740987778
3.07999491692
3.18852901459
3.19509601593
