Experiment Results
3.36134815216
3.20611190796
3.43686413765
3.34988498688
3.30491018295
3.2070980072
3.20164299011
3.59519815445
5.71464896202
3.28532409668
3.28242588043
3.28383398056
3.11730003357
2.77018785477
3.33799886703
2.98899197578
3.11804103851
3.375041008
2.78436088562
3.22000193596
2.68377399445
2.98612189293
3.27145504951
2.92030000687
3.10396695137
3.35455679893
2.92421317101
3.08412909508
2.91442584991
2.91747307777
3.48689317703
3.17667603493
3.20547008514
3.1298520565
3.28460097313
2.68999505043
3.09102082253
3.01446294785
3.27723407745
2.79825282097
3.14826416969
2.65633416176
3.02111101151
2.99573516846
2.88502192497
2.8314011097
2.8805911541
3.20141506195
2.95931100845
3.23385214806
2.87405896187
3.23089694977
2.9677131176
2.91292190552
2.88775491714
3.19185805321
2.92222881317
2.95232415199
2.84362602234
2.68218994141
3.34390997887
3.06785011292
2.79915904999
2.97107195854
3.00286316872
2.86748695374
2.99202609062
3.42885279655
2.87711691856
3.01473593712
2.79493808746
3.01207113266
3.09097290039
3.21400880814
3.47217583656
3.11863613129
2.89793896675
3.08627915382
2.79636693001
2.81085681915
3.18620491028
3.00333380699
2.90832781792
3.08624911308
3.10221099854
3.20281410217
2.90084815025
2.8865981102
2.99526906013
2.90529108047
2.99444913864
3.1925470829
2.81972813606
3.20205497742
2.56699991226
3.1050620079
3.2129611969
2.79975914955
3.07571005821
3.02963900566
2.92954421043
2.92417407036
3.01651310921
3.03506588936
3.17251300812
3.21666312218
2.95978212357
3.03164482117
3.00170278549
2.99512720108
2.90520310402
2.98959517479
2.99228286743
3.21798014641
2.99597215652
3.08357095718
3.32639288902
3.16015195847
3.29946184158
2.99815917015
3.69612789154
3.001557827
3.10971713066
2.99155783653
2.82596898079
3.07871603966
3.07913398743
3.09830784798
2.810546875
2.90731978416
3.25820207596
3.0104470253
4.0092151165
3.04321908951
3.13648414612
2.87983298302
2.88301801682
2.76298999786
2.98612689972
2.80462813377
3.09246706963
3.07980489731
2.79426407814
2.89402103424
2.91219687462
2.99367189407
3.20304918289
3.18214416504
2.88685393333
3.0242190361
3.09851193428
2.9022269249
3.18965888023
2.78825879097
3.11135911942
3.08389186859
3.21253991127
2.87895989418
3.21142315865
2.89654898643
3.18933415413
2.90921020508
3.18736791611
2.8138589859
3.2911028862
2.88559794426
3.00551104546
2.80916714668
2.94621801376
3.23958182335
3.40664291382
3.32073497772
2.99270582199
2.88030910492
3.87858486176
3.22376394272
3.11622619629
2.860932827
2.79865193367
2.93417286873
2.98653197289
3.09562706947
3.0038998127
2.89772105217
2.7919049263
3.00555300713
3.10192990303
3.37600111961
3.03005003929
3.1811029911
3.09357190132
3.1991789341
3.52286505699
3.64944696426
3.13068199158
3.18818306923
3.11078596115
3.22542715073
3.75357913971
3.32896399498
3.50251698494
3.27636504173
3.09621691704
2.91687583923
3.97052717209
2.92677307129
3.05761194229
3.02555584908
2.90680789948
3.20079994202
3.29743099213
3.18263912201
2.91309595108
2.90142297745
3.32866311073
2.86800289154
3.20577502251
4.67125988007
3.00438594818
3.40086007118
4.13359594345
4.08981204033
4.41288805008
2.98936295509
3.29881501198
2.87255001068
3.19019079208
3.31498098373
3.10871386528
3.09270906448
2.99173307419
3.28943300247
3.49503397942
3.69040989876
4.10484790802
3.1099998951
2.96642994881
2.80415010452
3.31724786758
2.94128799438
3.2442240715
2.81554603577
2.89884591103
2.99922800064
2.97757005692
3.21987199783
3.0653488636
5.44213104248
4.51716279984
3.37187004089
3.27236104012
3.91565608978
3.0001809597
3.27229595184
2.77565002441
3.13210296631
3.14421606064
3.06410098076
2.9183588028
3.08920097351
3.39387011528
2.91448712349
3.30899381638
2.75050282478
2.92596507072
3.26346993446
2.9024579525
2.91849303246
3.0858309269
3.10889387131
2.97538495064
3.02872490883
2.76620721817
3.22145199776
3.21667599678
2.88199305534
3.01924395561
3.08802390099
2.75546622276
2.82513189316
3.11543488503
3.39292001724
2.88632297516
2.80365395546
3.11588692665
2.7752468586
2.82322788239
2.8667049408
2.79939603806
3.2179248333
2.9122710228
3.19853997231
3.18166399002
3.1820499897
3.06909894943
3.07299208641
3.27532196045
2.8103890419
3.45425915718
3.03685712814
2.76303100586
3.04725599289
3.07426381111
2.98097300529
3.06830000877
3.15376210213
3.0005800724
2.81664705276
3.16558003426
3.08865809441
2.69455504417
3.21146988869
3.10054397583
2.98574399948
2.93724799156
3.0504219532
2.69308209419
3.23484516144
2.89183282852
3.11502289772
3.29697299004
2.85681605339
2.94744300842
2.96574020386
3.28322196007
2.92940998077
2.57247495651
3.12644195557
2.87616801262
2.89959406853
2.79042196274
3.22907781601
3.07799100876
3.11280107498
2.90124797821
3.21565198898
3.28599405289
3.00139379501
3.02584576607
3.17999696732
3.1088809967
2.85160899162
3.02997493744
2.98242712021
3.10922813416
2.87854599953
2.90365719795
2.82618021965
2.86811614037
3.2457690239
3.30017590523
3.16814208031
2.79006695747
3.0470328331
3.15309119225
3.03820109367
2.95404100418
3.81872391701
3.07532215118
2.8084769249
3.89357995987
2.8569419384
2.98673701286
2.9382610321
3.18921399117
3.51087284088
4.07151293755
3.2231221199
2.96598792076
2.91930603981
3.09443306923
3.22402596474
3.1685461998
3.30123400688
3.01241183281
3.08450317383
2.80339884758
3.34736990929
2.54188895226
2.99688005447
2.7493429184
3.37492704391
3.08979582787
3.31261110306
3.37081599236
3.11564683914
2.87747216225
3.39059901237
3.01331806183
2.86825299263
2.63306689262
3.00654196739
2.9807369709
2.90637207031
3.19811081886
3.28884601593
3.21923899651
3.21624898911
3.05800294876
2.89130997658
3.01597905159
2.9169960022
3.0948638916
2.88290190697
3.12734413147
2.95589399338
2.98246192932
2.828810215
3.40112900734
2.58976984024
3.2112030983
2.90549015999
3.11068916321
2.77290797234
3.2100250721
2.88319206238
2.98557710648
2.9088101387
2.80631303787
3.3068959713
2.80130410194
2.98591518402
2.79039692879
3.21803879738
3.08913612366
3.18724417686
2.79892301559
2.89740300179
3.00314593315
3.50322890282
3.21076703072
2.72946882248
3.06501102448
3.20622205734
3.28469800949
2.9971101284
3.19911408424
3.04880189896
3.24319696426
2.58918404579
3.22926998138
3.17876601219
3.22449088097
2.8815779686
3.29438781738
2.94143199921
3.34112596512
3.10025906563
3.00405287743
2.90349411964
2.98348593712
3.09757804871
2.93077611923
3.17672610283
3.49544596672
2.55673289299
3.41384005547
2.88686919212
3.23278903961
3.1500749588
3.23400998116
3.09477686882
2.99696302414
3.00550603867
3.30507397652
3.12032008171
3.06660318375
3.39788889885
2.98440909386
3.53110694885
3.25648188591
3.29591393471
3.21275186539
2.98609900475
2.9762160778
3.00472593307
3.60022306442
3.53586912155
3.28705096245
3.55503797531
2.79611897469
3.03991985321
2.96304011345
3.13433098793
3.08814501762
3.4869248867
3.01011395454
3.26769685745
3.11906504631
3.31670594215
2.76971483231
3.71624088287
3.20602011681
3.10558009148
3.09655690193
3.47688603401
2.88665390015
3.09957790375
4.02354288101
3.09996080399
3.2054579258
2.98473596573
3.5461139679
2.94071912766
3.34017682076
3.0498521328
3.00700712204
3.11426186562
2.7818570137
3.00466990471
2.68854618073
3.21177005768
2.66687011719
3.03637480736
3.19368600845
3.09861683846
3.11405396461
3.36371612549
2.98732209206
2.82371902466
2.8675968647
2.88501191139
3.09381198883
2.91651201248
2.99623703957
3.51055693626
3.08554601669
3.19863915443
2.9885969162
2.94824314117
2.95583200455
3.01464605331
2.99299097061
3.10287904739
3.09097290039
3.60927200317
3.08796000481
3.38047099113
3.22734594345
3.29714012146
3.39278101921
3.09369301796
3.21831297874
3.16086506844
2.92450499535
3.33624005318
3.04354214668
3.0280559063
3.06960487366
3.21054315567
3.11531496048
2.96038293839
3.11129784584
4.62418603897
2.94510984421
3.1988530159
3.12778496742
3.16138195992
2.97820806503
3.11781907082
3.29289293289
3.16837310791
3.00764584541
2.92343020439
3.15633010864
3.10944509506
2.789041996
2.91594910622
2.9163749218
3.19603896141
2.98351287842
2.99001312256
2.62335896492
3.79859280586
2.7943239212
2.89609313011
2.98899793625
3.08638000488
3.09708189964
3.13527584076
2.87769699097
3.00997209549
2.77601313591
3.30797791481
2.95644307137
3.15206694603
2.7928071022
3.07974791527
3.12153100967
3.39020299911
2.91201901436
3.07396602631
2.91896820068
3.28857016563
3.19899702072
2.77354693413
2.9433529377
3.06526994705
3.01518201828
2.78533792496
