Experiment Results
3.43395900726
7.13486886024
4.01371502876
3.27276802063
3.04033589363
3.06264710426
4.15975689888
4.08607888222
4.05777597427
4.28507685661
2.76257181168
3.2777569294
3.08379983902
3.15083909035
4.86843705177
2.96903085709
2.79573512077
4.05457377434
3.17681717873
2.96945500374
5.41593313217
2.95057606697
3.27431607246
3.08960103989
6.35606098175
3.98832917213
5.16249799728
2.88488197327
2.86729502678
5.12241601944
2.65058994293
4.46914815903
3.61461091042
2.54294681549
5.27746796608
2.64617013931
3.50755214691
3.26976299286
2.98622298241
4.08404111862
3.98280096054
2.70548510551
3.06148099899
4.57197785378
2.99081802368
3.0749270916
2.88770389557
4.68907499313
3.38463592529
3.30890512466
2.89939904213
2.96650600433
2.57280492783
2.78694605827
2.77189779282
2.71128106117
2.85048103333
5.89148783684
2.59565186501
2.87884879112
2.79678797722
4.67744588852
2.91793203354
5.05972599983
2.69002604485
3.49595189095
2.80133795738
2.67270684242
3.04169893265
2.72306919098
4.4116358757
4.96138000488
2.87740492821
2.6034078598
2.684278965
3.08466506004
4.80299377441
6.16630101204
2.89211010933
2.68851613998
4.19334793091
2.88797497749
3.6858279705
2.78993201256
5.70323801041
2.75778102875
2.58791613579
2.89566898346
3.10290384293
3.06863093376
2.90735697746
2.77824497223
5.29508590698
2.58548688889
2.79074788094
2.8138229847
4.25890088081
5.18735718727
2.89575791359
2.87539982796
5.43194699287
6.70498800278
3.13744306564
4.07560396194
3.02508807182
2.95993304253
4.9650580883
4.67827510834
4.05764389038
3.5536608696
2.98562598228
2.87072992325
3.27431583405
2.98337292671
4.16057705879
2.86395215988
6.1822810173
3.08115696907
3.76158213615
2.8927090168
4.60688519478
5.46417188644
2.84587001801
2.8741440773
3.17581295967
2.97652816772
4.66596794128
2.77771115303
6.28155899048
3.09152793884
5.37475800514
2.68087506294
4.17692399025
2.98138284683
3.16714715958
3.09857201576
2.86527109146
2.75998997688
3.00663113594
3.08902311325
3.07479786873
3.07006192207
2.79184389114
2.94762897491
3.00406813622
2.78733086586
5.79333782196
2.97724103928
2.68380188942
2.78648900986
2.77495503426
2.70015311241
2.87544798851
2.69016504288
2.77659511566
3.08740997314
2.9827709198
2.69240903854
2.98412489891
2.87900996208
2.69891190529
2.68178606033
2.89789390564
2.69751000404
2.67554807663
2.88823795319
6.08165597916
3.19277596474
2.9764919281
2.78791308403
2.98520994186
2.89201903343
2.6908891201
2.58731198311
2.77907705307
4.90293598175
2.98558688164
2.6903860569
2.67356610298
2.99560499191
3.79481196404
3.38241910934
11.4822909832
6.61117815971
2.86779999733
5.38768196106
2.79111981392
7.60078001022
9.5825009346
2.81721401215
4.76601910591
2.97025489807
3.6014380455
4.69004416466
4.98325204849
4.46328115463
4.55069804192
3.4600288868
2.68484902382
2.69047999382
3.91108107567
4.71528196335
8.86583209038
3.13451194763
3.39027380943
3.73461699486
4.56390500069
2.84943294525
3.07402515411
6.9748301506
3.75330781937
4.79858422279
4.36770200729
5.64933490753
5.88025188446
6.95086407661
4.29581093788
7.48698306084
4.56685495377
9.36950802803
4.06357598305
3.59592103958
8.87632083893
5.46483683586
15.4998059273
5.95100402832
5.07909989357
7.16248393059
3.69711685181
3.57084202766
4.07487201691
5.80745816231
6.64907097816
2.77916288376
3.07174396515
3.88211512566
5.16685700417
5.11714315414
5.05799508095
2.89376401901
4.08927488327
3.07818603516
2.88222503662
3.27608180046
3.2041580677
2.86581301689
2.86640501022
3.09454488754
2.61598801613
2.55554413795
3.08845591545
4.68215203285
2.88369584084
2.90407991409
2.77322220802
3.08408594131
3.11045908928
2.75088810921
2.68700909615
4.68577408791
14.2965471745
6.20053100586
5.6513941288
4.413667202
6.89034891129
4.06667518616
4.80533409119
2.78151202202
5.78317713737
9.76000499725
3.93250989914
2.88898301125
2.86831283569
2.88650512695
6.58965587616
7.37914991379
10.3000049591
6.50202703476
3.29795503616
4.36524295807
6.77223920822
3.89660692215
3.08632588387
6.28840184212
5.49594593048
5.58325791359
5.29655718803
3.9816839695
2.68868613243
10.5821239948
5.31260585785
5.85049295425
7.6517469883
2.96320199966
4.36639499664
7.21129703522
4.87183713913
6.37816786766
7.80637598038
7.68318414688
8.40674304962
9.33178901672
6.35411596298
3.41939687729
3.25276398659
6.08924293518
3.53870797157
4.09547495842
4.49801707268
7.91066002846
4.4038169384
2.85372495651
3.16724205017
6.38877606392
2.85093092918
7.97364497185
3.17580103874
3.09073209763
4.06212496758
5.08873391151
6.57253098488
4.96490192413
4.55782389641
3.07237696648
3.07821297646
5.28327417374
5.66174697876
9.37273001671
6.59068989754
6.59601187706
3.14561986923
7.28093910217
5.29069495201
7.39277291298
4.55781698227
9.09842300415
2.67306399345
3.5832490921
7.57814407349
4.57632398605
4.89994311333
5.65927815437
13.4354100227
6.1348900795
4.78380703926
2.91371703148
2.95430588722
2.88010907173
2.71002197266
3.1643140316
2.68784713745
2.67827486992
2.68240213394
2.8834528923
2.88583087921
4.19978904724
4.9998061657
3.26717710495
2.78656601906
2.69015407562
2.78139901161
4.37773513794
2.88166499138
2.68356609344
7.79043292999
2.9930100441
4.99809122086
6.4717400074
5.89742898941
3.07509613037
5.21184301376
7.56947994232
9.00688791275
3.77449393272
9.77668905258
2.9947719574
3.5893778801
3.00085783005
2.87803387642
3.08606386185
5.60444903374
2.74801111221
5.12657594681
3.16208982468
19.5933899879
9.09721589088
5.82048606873
3.05069804192
6.19105410576
8.69785189629
2.76531720161
3.79107999802
7.90018486977
4.89261007309
6.59401583672
6.569617033
3.00319910049
8.5799779892
5.79580593109
6.29585790634
3.19900298119
7.14532589912
4.60554504395
6.76741600037
17.7894551754
7.51840591431
3.47137999535
4.45324897766
8.37759113312
7.86600708961
6.3095240593
3.62487506866
4.79146909714
4.45219492912
3.58997011185
6.55984401703
7.08621406555
6.85747218132
3.0952630043
3.562707901
6.45663714409
3.57368803024
5.9791738987
8.69177484512
5.77005887032
2.88459706306
6.56103205681
2.99615502357
3.07672190666
3.2736389637
3.30409693718
3.26324796677
3.06704902649
4.87477087975
2.96670889854
5.28429508209
6.37937617302
5.58636212349
6.88255214691
4.86595201492
3.20592284203
3.07386898994
3.07738804817
3.07329678535
3.1032640934
2.96994996071
3.9805150032
3.08540606499
2.7793469429
2.69849586487
2.87949585915
4.39418792725
5.89732480049
2.75794506073
6.00365805626
2.79388809204
2.85567998886
6.38322806358
2.69027709961
4.8831410408
2.997631073
5.77428102493
4.79758000374
7.18679618835
2.87941598892
5.46460199356
4.71347308159
5.69540786743
4.18375015259
5.08441996574
4.19271302223
2.98392915726
3.38536906242
2.59391903877
2.97329688072
2.99813103676
6.99828195572
2.77887701988
2.77648711205
5.50457310677
5.97115397453
6.09490513802
5.81514501572
3.86419200897
6.10160517693
6.28565597534
2.87409305573
5.80670499802
2.76642608643
3.1982319355
7.39723801613
5.06818914413
7.49040222168
4.2912979126
5.79562592506
5.37641811371
5.08796095848
5.39578580856
2.89320898056
2.68712592125
5.90000510216
13.2247400284
3.34461903572
3.35097384453
3.77408385277
5.84690618515
8.66683506966
8.66735005379
4.45174002647
5.89359617233
3.06520104408
3.39607000351
3.53174710274
4.19142699242
4.16393399239
4.77195692062
5.89280414581
3.4506008625
6.34254789352
6.21145892143
3.86187601089
4.06912207603
5.50256800652
4.45948815346
5.69608688354
3.25032091141
2.87992787361
2.87658596039
6.09137892723
6.07367396355
7.38220906258
4.15744900703
7.5928440094
5.29781103134
5.74853610992
5.89570879936
5.1036028862
4.24744606018
3.09220099449
3.05468702316
2.99659109116
6.19180488586
7.32261896133
4.53896594048
4.68095183372
6.07174801826
8.79991912842
11.369699955
2.93689393997
6.10089802742
4.0228729248
6.19907689095
5.87072396278
2.77465200424
3.68792104721
3.09927201271
5.76815199852
7.97044801712
10.2682538033
6.5719640255
6.63725495338
6.69062709808
5.08150887489
7.39431095123
2.97157001495
3.58660721779
4.68460202217
3.48922681808
5.49989414215
4.22241997719
13.6522500515
6.68413805962
6.00819802284
4.29448485374
13.7646379471
7.77753901482
6.39107298851
6.80135202408
3.27170109749
5.71560406685
5.07464408875
8.0715341568
6.38232088089
6.80319190025
7.67287683487
5.89469385147
4.69404387474
2.97621011734
6.85589790344
8.12927412987
9.59905409813
3.00746107101
2.77149009705
4.26599001884
3.79433584213
8.31743884087
5.17822408676
4.07038402557
3.3827559948
2.49906682968
