Experiment Results
0.748237848282
0.694782018661
0.781071901321
0.71496295929
0.690523147583
0.703339099884
0.600660085678
0.770875930786
0.729725122452
0.697775125504
0.781841993332
0.709493875504
0.606709003448
0.697116136551
0.800123929977
0.779387950897
0.723806142807
0.676967144012
0.628654956818
0.769757032394
0.631936073303
0.575543880463
0.608532905579
0.779925107956
0.618067026138
0.774672985077
0.702410936356
0.611268043518
0.787106990814
0.611075878143
0.786051988602
0.698256015778
0.610013961792
0.698708057404
0.717080831528
0.668236017227
0.604546070099
0.607084035873
0.781101942062
0.624992847443
0.696310997009
0.785150051117
0.610419034958
0.694952011108
0.693827152252
0.699514865875
0.601010084152
0.798055887222
0.690927028656
0.70042014122
0.693950891495
0.60373878479
0.694526910782
0.685861825943
0.736809015274
0.587797880173
0.78294801712
0.691848993301
0.607522964478
0.701079845428
0.79107093811
0.699245929718
0.689815998077
0.615947961807
0.697981834412
0.695739030838
0.688832044601
0.681411981583
0.720709085464
0.71077299118
0.596096992493
0.796867132187
0.668512105942
0.716214895248
0.613116979599
0.697036027908
0.600941181183
0.697772979736
0.793557167053
0.603960037231
0.69192814827
0.704491138458
0.697073936462
0.796486139297
0.688957929611
0.700785160065
0.6902821064
0.693763017654
0.690561056137
0.706453084946
0.608520030975
0.783353090286
0.697751998901
0.696051836014
0.6170129776
0.699438810349
0.696331977844
0.697652101517
0.702636003494
0.782529115677
0.698877096176
0.610560894012
0.782247781754
0.675955057144
0.628893852234
0.784265041351
0.698044061661
0.695438861847
0.61533498764
0.794599056244
0.69341301918
0.698067903519
0.700259923935
0.697335004807
0.696053028107
0.617150068283
0.797873973846
0.595126152039
0.706552028656
0.782482147217
0.615280151367
0.775511026382
0.694469928741
0.687439918518
0.656350851059
0.657563209534
0.805876970291
0.674091815948
0.614432096481
0.702761173248
0.697042942047
0.692786216736
0.694232940674
0.606182098389
0.789469957352
0.673539876938
0.685969114304
0.615478992462
0.883322954178
0.699904203415
0.611152887344
0.691875934601
0.617526054382
0.762929916382
0.708515882492
0.697754144669
0.711418151855
0.787478923798
0.697344779968
0.70638012886
0.706634998322
0.608735799789
0.769995927811
0.613857030869
0.767758846283
0.634860038757
0.6929500103
0.78794503212
0.703055858612
0.689176797867
0.703024148941
0.604656934738
0.702364206314
0.695785045624
0.719812870026
0.777797937393
0.699033975601
0.706123113632
0.779894828796
0.702563047409
0.709940910339
0.690403938293
0.641607046127
0.752362012863
0.630000114441
0.774599790573
0.697297096252
0.689127922058
0.710973024368
0.693711996078
0.614940881729
0.773837804794
0.703128099442
0.634957075119
0.676086902618
0.700040102005
0.696454048157
0.784096956253
0.611670970917
0.79937005043
0.697742938995
0.785748958588
0.608461141586
0.787091016769
0.700741052628
0.614562988281
0.702062129974
0.791068792343
0.682496070862
0.697858095169
0.614974975586
0.696350812912
0.695826053619
0.622542142868
0.763876914978
0.614952802658
0.702517032623
0.778419971466
0.696339845657
0.625457048416
0.775311946869
0.697773933411
0.608445882797
0.693767786026
0.610774040222
0.811618089676
0.550661087036
0.703373908997
0.692819833755
0.705813169479
0.683474063873
0.605146884918
0.788024902344
0.696352958679
0.580286979675
0.701445817947
0.686367034912
0.697723150253
0.694870948792
0.688315868378
0.724963903427
0.691665172577
0.605103969574
0.784557104111
0.707816123962
0.602873086929
0.783792972565
0.614348888397
0.702936887741
0.695173978806
0.781152963638
0.715497970581
0.687369823456
0.610133171082
0.697643041611
0.697867155075
0.798786878586
0.602210044861
0.783537864685
0.611613988876
0.778777122498
0.707103013992
0.709300994873
0.694144010544
0.698678016663
0.701168060303
0.603785991669
0.785717010498
0.696027994156
0.613031864166
0.767114877701
0.72155714035
0.610025167465
0.69472694397
0.802016019821
0.699141025543
0.776861906052
0.613631010056
0.694504022598
0.790741920471
0.619395017624
0.691378831863
0.788392782211
0.688904047012
0.733125925064
0.583829164505
0.701467990875
0.768715858459
0.716519117355
0.694327116013
0.70146894455
0.612952947617
0.699834108353
0.692630052567
0.609265804291
0.69252204895
0.783164024353
0.693094968796
0.621016979218
0.698978185654
0.678568840027
0.687907934189
0.632966995239
0.691497087479
0.788500785828
0.699213027954
0.618631124496
0.772650003433
0.706302881241
0.696929931641
0.612779140472
0.771096229553
0.707047939301
0.704931020737
0.629364013672
0.769783973694
0.607930183411
0.700151920319
0.778537988663
0.61493897438
0.786419153214
0.691123008728
0.615033864975
0.78755903244
0.693546056747
0.717961072922
0.599448919296
0.697365999222
0.790591955185
0.690876960754
0.614187002182
0.689352989197
0.697188138962
0.702960014343
0.692555904388
0.701314926147
0.610684871674
0.694271087646
0.790616035461
0.690530061722
0.703784942627
0.682916879654
0.715401887894
0.701256036758
0.612751960754
0.694190979004
0.813543796539
0.757220983505
0.720170021057
0.61150598526
0.781339883804
0.607491970062
0.787243127823
0.716987848282
0.695162773132
0.700805187225
0.702011108398
0.778239011765
0.704778909683
0.647163152695
0.684107780457
0.75399684906
0.697338104248
0.614508867264
0.784638166428
0.614730119705
0.700708150864
0.70478105545
0.686772108078
0.783569097519
0.655912876129
0.746876001358
0.697201967239
0.614378929138
0.69870018959
0.782778024673
0.620636224747
0.691920042038
0.780616044998
0.707305908203
0.603165864944
0.786329030991
0.69447517395
0.701933860779
0.61039686203
0.605549097061
0.783643007278
0.697342157364
0.70054101944
0.613790988922
0.697179794312
0.773822069168
0.709357976913
0.695069074631
0.700904130936
0.800107002258
0.607679128647
0.70364689827
0.785542011261
0.71467590332
0.694667100906
0.694045066833
0.697118997574
0.709567070007
0.590669870377
0.786069869995
0.612170934677
0.788777112961
0.605636119843
0.692304134369
0.609511852264
0.776479959488
0.620974063873
0.774529933929
0.709032058716
0.646800994873
0.751019954681
0.692214012146
0.607011079788
0.689603090286
0.622174978256
0.692528009415
0.699857950211
0.781634807587
0.623320102692
0.689575910568
0.786844015121
0.707737922668
0.785439968109
0.625535011292
0.684775114059
0.687514066696
0.624175071716
0.789020061493
0.697276830673
0.604856014252
0.772475004196
0.707508087158
0.611166954041
0.786185026169
0.729887962341
0.586627006531
0.683010101318
0.611552000046
0.70096206665
0.791707038879
0.694147109985
0.804195165634
0.778152942657
0.713053941727
0.597684860229
0.703004837036
0.78050994873
0.634884119034
0.781160116196
0.684968233109
0.606362104416
0.691091060638
0.624102115631
0.768851041794
0.706784963608
0.693318128586
0.613044977188
0.773047924042
0.65460896492
0.744817018509
0.615206956863
0.781347990036
0.613426923752
0.699163913727
0.785392045975
0.610181093216
0.786365032196
0.627701044083
0.768915176392
0.69673204422
0.700230121613
0.616089820862
0.776405096054
0.69878911972
0.697562217712
0.702674150467
0.697075128555
0.612275123596
0.774432897568
0.620568990707
0.785079956055
0.616801023483
0.697658061981
0.765421867371
0.702427864075
0.624278068542
0.77184009552
0.618856906891
0.698707103729
0.700721025467
0.692142009735
0.609801054001
0.789171934128
0.697695970535
0.605136156082
0.791568994522
0.611570835114
0.777378797531
0.698499917984
0.619514942169
0.78502202034
0.606461048126
0.789375066757
0.698498010635
0.623029947281
0.68828701973
0.794885873795
0.596881151199
0.683638095856
0.619555950165
0.780604839325
0.612825870514
0.703516960144
0.698460102081
0.784358024597
0.684863090515
0.716229915619
0.605453968048
0.777975082397
0.621755838394
0.776826143265
0.707535028458
0.613589048386
0.69965004921
0.781055927277
0.60896396637
0.89041018486
0.613656044006
0.692554950714
0.702355146408
0.786155939102
0.608417034149
0.70338511467
0.808977127075
0.668444156647
0.613677978516
0.787472963333
0.702136993408
0.689316034317
0.615971088409
0.746148109436
0.759892940521
0.594597101212
0.780245065689
0.698270082474
0.611420869827
0.695330858231
0.706480026245
0.682599782944
0.698286056519
0.612616062164
0.787855863571
0.606617927551
0.716349840164
0.768528938293
0.811357975006
0.684459209442
0.61354804039
0.78216791153
0.705549955368
0.608685970306
0.698637962341
0.609445095062
0.79299902916
0.594382047653
0.700865983963
0.789407014847
0.688571929932
0.61828494072
0.784206151962
0.695034980774
0.61559009552
0.698934793472
0.697422981262
0.696787118912
0.788781166077
0.697290897369
0.611882925034
0.780521869659
0.703184843063
0.700783967972
0.610533952713
0.785099983215
0.609050989151
0.603435993195
0.695303916931
0.685833930969
0.73367190361
0.662636995316
0.687883853912
0.623062849045
0.687560081482
0.614003181458
0.699939966202
0.693578958511
0.691887140274
0.694519042969
0.708313941956
0.688105821609
0.612101078033
0.709408044815
0.775731801987
0.69886302948
0.699442863464
