Experiment Results
3.96194195747
3.78855395317
3.74728107452
3.95294380188
3.84194493294
3.9485938549
3.95995283127
3.78055787086
3.58087301254
3.66477584839
3.79780101776
3.74687004089
3.46965503693
3.980905056
3.46419692039
4.04539489746
4.19082903862
3.37902593613
4.08788204193
4.57553005219
3.3835580349
4.10487103462
3.41032004356
3.6115860939
3.48267292976
3.45221400261
3.75773787498
3.89694595337
3.5774140358
3.77230215073
6.27997899055
3.47177505493
3.88439011574
3.48092293739
4.28806304932
4.38531422615
3.67362117767
4.19567203522
3.90017580986
3.53405785561
3.67931985855
3.39866995811
3.48036885262
3.46496295929
3.73505997658
3.84374189377
3.79699087143
3.57113790512
3.98691320419
3.42410707474
5.76197099686
3.55610895157
3.48174881935
4.30995392799
3.9874420166
3.2479891777
3.6054918766
4.21503782272
4.34278607368
3.49352908134
4.17328596115
3.29943609238
3.41197609901
3.47130918503
3.66738200188
4.11428308487
3.5361468792
3.80643510818
4.25237488747
3.90157198906
3.5272397995
3.4724240303
3.60676598549
3.88341808319
3.50145602226
3.96650099754
3.7834880352
3.37681484222
3.83602905273
3.85704493523
3.43948316574
3.73668217659
3.469591856
3.50157308578
3.34278392792
3.72038197517
3.50358390808
3.86659598351
4.01403188705
3.86866497993
4.02660489082
3.85913681984
3.49226093292
3.17072105408
3.49852800369
3.9111559391
3.39137816429
3.87017011642
3.50477409363
3.48303103447
4.19318318367
3.71795392036
4.1347489357
3.64848184586
4.16277909279
4.31671214104
3.88446903229
3.56772112846
4.05179691315
6.38200187683
3.49555802345
4.08339095116
3.46541118622
4.02441906929
3.38452291489
3.97209501266
3.86682510376
3.49705982208
3.86853885651
3.38598108292
3.97225809097
4.16836094856
4.08479309082
4.07218408585
3.68456196785
3.46255493164
3.87180304527
3.80373597145
3.36376810074
4.16147899628
4.10008907318
3.79650115967
3.33790898323
3.7850420475
3.70207095146
3.55678296089
3.86786198616
3.59065508842
3.47765398026
3.69853806496
4.29182887077
3.96816301346
4.39524078369
3.96113801003
3.87988400459
3.48555803299
3.46370506287
4.01190590858
3.86078906059
3.65801787376
3.691010952
3.91837596893
3.49940609932
3.77727103233
3.97226190567
3.88531494141
3.78343701363
3.41267585754
3.56414008141
3.599807024
3.97345089912
3.88955283165
3.38381695747
4.50589680672
3.66797089577
3.48555183411
5.777135849
3.51291394234
3.69239592552
3.67839312553
3.66403484344
3.38207101822
3.51225495338
3.37705993652
4.2913339138
3.68562412262
3.90327477455
3.571652174
4.03686618805
3.5076508522
3.32239413261
3.38054704666
3.49372196198
3.30638313293
5.49389910698
3.47711896896
3.88227391243
14.9946470261
3.68208003044
4.38662004471
3.99359107018
14.8725531101
5.19829297066
3.93258905411
4.35243415833
5.37155199051
3.79569506645
12.9140498638
4.36699795723
4.17770791054
4.24156188965
6.00758290291
11.5304481983
5.06119799614
15.8669600487
13.9344079494
11.5541658401
7.19308114052
3.44817686081
4.78102707863
3.78486394882
4.23669481277
5.48435497284
4.18415689468
4.85216593742
4.47536087036
3.37315416336
3.86124491692
3.59078097343
3.7632651329
3.47565507889
4.26555085182
3.69725584984
3.589220047
4.66282916069
3.55632996559
4.43587517738
12.1689870358
4.23893785477
5.57172203064
5.38584494591
4.30077815056
3.86457514763
3.40366983414
4.25565886497
3.87416505814
3.57658290863
3.67057704926
3.51384305954
3.76393294334
3.49983811378
4.04970097542
4.02499985695
3.86693310738
3.55951499939
3.71848297119
3.37642908096
4.2968108654
3.33860015869
3.80322599411
3.36965489388
3.99728798866
3.37161016464
3.90953016281
3.36694288254
3.71338605881
3.57786393166
3.65937685966
3.38348197937
3.79289603233
3.72033119202
3.54341101646
3.85945701599
3.93339490891
3.57459211349
4.73626995087
7.54325389862
5.3197748661
3.45865702629
21.1240119934
3.83509492874
3.90040898323
3.79697918892
3.37698698044
8.08205103874
6.74843001366
3.54606103897
3.38152599335
4.56898498535
17.3254201412
3.33781099319
4.92313408852
3.79884195328
3.20636701584
4.54716992378
3.70885300636
3.96774315834
3.59044909477
8.03133511543
3.56787395477
5.78406000137
3.66989898682
3.50643014908
31.2732880116
3.29445505142
3.69713497162
3.37425589561
4.20175004005
28.0917179585
6.82027983665
5.46684598923
3.84267902374
4.24876594543
4.29886198044
7.09829497337
4.28130984306
8.74611401558
3.94274687767
3.86903786659
18.9993648529
4.72867298126
3.44053506851
3.9178481102
3.66851401329
4.46147799492
4.66736292839
4.67114090919
4.591796875
3.58272981644
16.4626560211
4.05338788033
3.47614192963
4.17675614357
4.18042111397
5.37466406822
3.47471189499
3.52848601341
4.23016500473
3.45928788185
4.66306304932
5.69806194305
4.87580108643
5.4966199398
19.5730161667
7.93805217743
3.75300788879
3.93977403641
4.40156316757
10.1770401001
3.56389808655
33.1908841133
8.07056593895
7.42990112305
17.7463040352
3.67840003967
6.0794479847
3.75659394264
19.5999071598
8.38658618927
3.94109010696
3.50759005547
3.90662503242
4.60722494125
3.35111808777
11.3399610519
20.9110047817
5.33840608597
4.34924483299
16.6047599316
4.08441781998
3.46645998955
5.50048613548
3.43417000771
4.3309969902
3.60173821449
3.88278388977
3.79301095009
19.3810610771
4.88812303543
4.70030999184
3.86370706558
26.0823590755
3.99189710617
19.879794836
4.19311189651
3.8936290741
3.61198592186
5.85492897034
4.19582605362
14.4635939598
5.72660017014
4.76379609108
4.58324813843
19.1585321426
3.34367108345
4.70813393593
3.44121313095
3.49765706062
3.62325191498
3.99531292915
33.6417620182
8.59752011299
4.08205795288
15.4362580776
3.5665640831
3.88745188713
3.46581292152
16.7277600765
16.3534228802
3.7882270813
6.34140610695
18.0765490532
6.09676790237
4.93148303032
5.72276711464
9.07272481918
4.17830491066
4.36690187454
3.45367503166
3.47786092758
4.87796998024
3.44115900993
12.8791718483
4.5547208786
4.27822709084
3.99243307114
3.85097503662
3.75972318649
4.58422803879
3.47639393806
3.68374300003
9.3804359436
4.67168402672
5.0741071701
6.7303249836
3.74072289467
12.45144701
19.8831560612
4.38918805122
4.4590139389
5.48843121529
4.56703996658
4.783192873
4.48575401306
4.79358100891
4.85580611229
4.49002218246
5.08894515038
5.02456903458
4.04159903526
6.06925201416
5.48443102837
3.37875199318
3.58784103394
4.66191601753
5.91088485718
3.78562402725
5.66218113899
4.77426409721
3.75917005539
3.72335600853
3.50397491455
5.78340411186
15.5144741535
3.45479393005
3.67267513275
3.66246199608
3.58070611954
4.35047698021
3.53512120247
16.5931417942
5.48849701881
4.55521917343
4.22630000114
3.67314696312
5.27838110924
3.40536308289
4.18709492683
3.60036301613
6.36196684837
5.31074404716
3.7962269783
3.36346721649
3.88710594177
3.27869391441
3.53831911087
5.85464000702
3.89475607872
9.2863380909
4.37271499634
3.80612611771
3.78896903992
3.46133208275
3.39897489548
12.9824581146
3.58149695396
5.40586614609
3.87406682968
3.28872203827
3.19749093056
5.79321312904
22.8824958801
3.78047704697
3.29697489738
3.79433608055
3.47511219978
4.19145917892
4.00750088692
4.98261809349
4.52162098885
6.36308002472
4.14131903648
4.33970999718
5.54352998734
6.56700706482
16.4637141228
4.71924376488
6.0948779583
5.20642590523
18.0504739285
4.95976805687
4.9525001049
19.8046739101
18.0587480068
6.16877293587
4.43226695061
3.81293106079
3.86283683777
3.9798989296
4.10917210579
3.43078899384
4.17899608612
3.66883397102
3.58149600029
3.89278912544
5.34982299805
3.86831998825
4.40109395981
3.47645902634
9.38124299049
3.57896208763
3.58175802231
3.46145582199
3.88003587723
3.80186200142
3.31230711937
3.70963692665
3.48654580116
3.49226403236
3.68452715874
5.70583486557
3.53529119492
3.5128660202
3.47091412544
3.40385508537
4.96197009087
4.21312999725
3.74543309212
5.8675570488
3.79979491234
3.52089905739
6.44287896156
3.58233499527
3.45400595665
5.41034603119
45.6662149429
3.52894806862
3.36918306351
17.0616719723
4.70992803574
3.37648105621
3.88724684715
3.3864531517
3.88034415245
3.30467796326
4.96919894218
4.10368800163
3.48548483849
3.78459000587
3.77288413048
4.79818296432
3.77552890778
4.09425497055
4.89933896065
3.58199095726
3.19168400764
3.78000688553
4.49072408676
3.30454397202
3.77737188339
4.67655706406
3.45852208138
5.91752791405
9.33851408958
4.36366295815
3.66838216782
3.58986592293
3.59237980843
5.98493909836
3.47792983055
3.39534091949
3.56924986839
3.89820790291
4.28437018394
3.97989606857
4.51038408279
3.66024804115
4.22230291367
5.40681600571
3.45471000671
