Experiment Results
2.97283291817
2.81630802155
2.8292620182
4.54879808426
4.56217193604
2.66975498199
3.9451611042
2.97523093224
2.56080508232
2.78367400169
3.64899921417
2.78549599648
2.76019406319
4.47513890266
2.57000994682
6.08240294456
2.86367797852
2.67907714844
2.5752530098
2.68331098557
3.26709985733
2.69570708275
2.85010385513
2.88530302048
3.67952919006
2.66713809967
2.47743988037
4.57921481133
2.88461518288
2.86404514313
2.54860591888
2.40202713013
2.8828971386
3.87900280952
2.77501177788
3.98768496513
2.57047796249
2.68177509308
3.99606108665
3.06591010094
2.78637599945
2.68397116661
4.78139901161
4.07886505127
2.77610206604
2.96891617775
2.61084294319
2.58070087433
5.08571505547
2.68098092079
2.59388685226
3.77360486984
2.69501399994
4.38067698479
2.58317613602
5.8919699192
2.56292390823
2.8091468811
3.57579779625
2.59288311005
2.58031010628
2.49613213539
2.68090105057
4.49316310883
2.58290219307
2.7682800293
5.51203417778
4.19207191467
2.68406009674
2.7932741642
2.57999801636
2.3817179203
3.39861488342
2.57428812981
2.58384990692
3.08854699135
2.29237604141
2.79355382919
2.59934592247
2.3713259697
2.38568496704
4.9880490303
2.89010596275
2.59913492203
2.47973895073
2.89841389656
2.37529802322
2.68331289291
2.50863790512
2.67246508598
2.58770895004
2.50050497055
2.78396606445
2.3844769001
2.39157509804
2.98472380638
2.49014401436
2.62194299698
2.56242203712
2.49177908897
3.02817797661
3.08941888809
4.04398703575
4.66067385674
2.83802294731
4.27545309067
2.74663710594
4.46566295624
2.5701379776
2.67355298996
3.67205619812
3.47044801712
2.67269992828
2.77840805054
2.77306890488
3.4709072113
2.85823583603
2.58457303047
2.80357408524
3.14435696602
2.57489299774
2.84101295471
2.70143198967
2.80298089981
2.73769903183
3.88416218758
2.58627700806
2.6739461422
2.54199385643
2.90240812302
2.87948203087
2.4805700779
2.67586398125
2.6901409626
2.6689248085
2.98403716087
2.77763104439
2.92426085472
2.65037798882
2.68265104294
3.07832598686
2.58156704903
2.67993211746
5.99308896065
2.8668448925
6.7863240242
2.69158601761
2.57708001137
4.48233389854
2.58321976662
2.69390892982
2.59892487526
2.57102704048
2.58577394485
5.38070392609
2.48044705391
2.4895131588
2.48048615456
2.59814691544
2.56460094452
2.61668992043
2.47101283073
2.58406496048
2.394135952
2.69225001335
2.49184298515
2.77384901047
2.38812804222
2.78992390633
2.58448815346
2.49017095566
2.58618187904
2.58233690262
2.58472514153
2.50519990921
2.75368404388
2.50982499123
2.60105609894
2.48559594154
2.47824215889
2.4908618927
5.38980603218
2.6865029335
2.47408103943
2.59456300735
2.49206709862
2.68001413345
2.52313804626
2.55515408516
5.19688987732
2.38316702843
2.48844385147
4.90005803108
2.4742000103
2.60812902451
2.57749509811
2.49030303955
2.58880400658
2.59415793419
2.37631392479
2.91090393066
2.83559703827
3.01910305023
3.05803990364
2.75938296318
2.74829697609
2.46717500687
2.77059316635
2.66507601738
2.67845797539
2.75461602211
2.67146110535
2.77758097649
2.66894602776
2.66807198524
2.67729496956
2.48025488853
3.0716509819
2.7729010582
2.75262904167
2.59475302696
2.77690815926
2.58534407616
2.75782799721
2.79058599472
2.86614513397
2.58377289772
2.47332620621
3.77459287643
2.98716497421
2.58191490173
2.77009081841
2.66923284531
2.48571395874
2.57972192764
2.69023704529
2.56424593925
2.48778390884
2.57938909531
2.48130393028
2.68549799919
5.48212099075
3.78895998001
4.3908469677
4.46049380302
2.67968082428
2.88250207901
2.71176815033
2.55383491516
2.58791708946
2.77197098732
2.49563908577
2.59689807892
5.47144293785
2.59358906746
2.48403096199
2.28252291679
2.36588597298
2.52420282364
2.37912797928
2.28490185738
2.38145399094
2.68282103539
2.70984077454
2.57291197777
2.5747590065
2.59090209007
2.68675804138
2.69224691391
2.58768296242
2.50816082954
4.27579808235
2.48127889633
2.19043278694
2.57853293419
2.58556604385
2.60454082489
2.60133194923
2.75428891182
2.46442604065
2.42016220093
2.69238615036
2.59369397163
2.57624912262
2.4791469574
2.72768497467
2.55231523514
2.49678492546
2.69461798668
2.46930813789
2.59632897377
2.58290791512
2.59439897537
2.38622379303
2.39482688904
2.38968205452
2.39465999603
2.58811092377
2.58764982224
2.48240399361
2.83173012733
2.79843378067
2.8380818367
3.04853892326
3.38170313835
2.73858213425
2.76772904396
2.86230111122
2.68250584602
2.95863294601
2.76731920242
2.68549013138
2.87062287331
2.66456794739
2.68161296844
2.54690408707
3.29535603523
2.9660949707
2.5893239975
2.65901303291
2.68169808388
2.67204403877
2.78323698044
2.76857590675
2.89212703705
2.77800297737
2.66961598396
2.77676510811
2.57923197746
3.17889595032
2.66635799408
2.88308906555
2.57411694527
2.69235396385
5.27167320251
2.69463682175
2.56777191162
2.87767887115
3.58144903183
2.59499192238
2.68525099754
2.57883119583
2.99612402916
2.53254699707
2.714812994
5.47867512703
2.49459910393
2.78058099747
2.57216596603
2.79770898819
2.79709219933
2.67059397697
2.58420920372
2.47824907303
2.59949994087
2.46966600418
2.59808897972
2.77153801918
2.48499298096
2.78730416298
2.58725214005
2.60927200317
2.74622511864
2.52472305298
2.78118991852
2.4805829525
6.18145799637
2.69559597969
2.6971449852
2.78726816177
2.58290886879
2.78578591347
2.47759103775
2.40500807762
2.57649898529
2.59023594856
2.68601417542
2.59863090515
2.28338384628
2.67500305176
2.37216591835
4.47171401978
2.68216896057
2.49722790718
2.48740696907
2.87773895264
2.68961906433
2.79905605316
2.47769498825
2.30522704124
2.47304105759
2.48604488373
2.52541279793
2.35879302025
2.59236192703
2.48983097076
2.77962303162
2.61929988861
2.75617408752
2.48583388329
2.81305813789
2.73785209656
6.12671303749
2.85554718971
3.0355989933
2.70661711693
2.83307290077
2.66615486145
2.38517093658
2.75605487823
2.88550806046
2.86397099495
2.78826379776
2.77970910072
2.95279097557
2.76720094681
2.67784690857
5.8816921711
2.67177987099
5.17997002602
2.79050111771
2.54714512825
2.68754196167
2.66591501236
2.76935505867
2.48143291473
2.67292118073
2.68250799179
2.67636990547
3.17407202721
2.76818799973
2.49381494522
3.16867589951
2.58581900597
2.87255692482
2.48142814636
2.88502812386
4.38528180122
2.77634906769
2.59069299698
2.67254209518
2.68179583549
2.48741197586
2.68265604973
2.48242092133
2.67691802979
2.6598341465
2.80587410927
2.3863761425
2.38956689835
2.55211901665
2.72381806374
2.47864794731
2.47992801666
2.5819671154
4.28831505775
2.68125104904
2.59578490257
2.58386802673
2.61088299751
2.67028093338
2.4861061573
2.47648692131
2.5932970047
2.38897609711
2.47923994064
2.51434898376
2.47157597542
2.58347415924
2.88444805145
2.97979998589
2.50047898293
2.48334097862
2.58296203613
2.58330702782
2.59546399117
2.88683509827
4.39170598984
2.58653402328
2.38608312607
2.48947906494
2.49304986
2.58474302292
2.49679398537
4.68143606186
3.78738903999
2.58988595009
2.65707087517
2.4235959053
2.65615415573
2.68706583977
2.60952305794
2.4718940258
2.38387417793
2.48616909981
2.69846987724
2.58337783813
2.68242502213
2.59942793846
2.48577713966
7.01790094376
3.02163600922
2.93947601318
2.6440179348
2.76226806641
2.85289096832
2.66458106041
2.75895214081
2.9853348732
2.7593460083
2.78370499611
2.85799407959
2.68713402748
2.65648412704
2.68983006477
2.77570605278
6.15945696831
2.76742100716
2.77352190018
2.79164600372
2.56164598465
2.5847120285
2.58006596565
2.56884098053
3.97231698036
2.7839820385
4.48208999634
2.76599812508
2.5812060833
2.77795886993
2.77490997314
5.3748819828
2.80595993996
2.56461811066
2.67348694801
2.57889199257
2.79406499863
2.57282686234
2.68891906738
2.68062496185
2.86955189705
2.62066292763
2.74283313751
2.52913713455
2.73737502098
2.78763198853
2.68108201027
2.59192419052
2.48975992203
2.97396111488
2.67725586891
2.59782314301
3.77075600624
2.58588981628
2.72122788429
2.75385284424
2.49958205223
2.67940998077
2.77755498886
2.69088697433
2.68911910057
2.77718806267
2.78730511665
2.5867331028
2.48830103874
2.39127707481
2.4950299263
2.5906419754
2.58071088791
2.88362193108
2.40723896027
2.480271101
3.187748909
2.2772128582
2.4924530983
2.68426513672
2.58332705498
2.38651299477
2.39211988449
2.58420610428
2.88616204262
2.98631501198
2.59997916222
2.38920593262
2.58653187752
2.58817601204
2.61576914787
2.6501531601
2.66851997375
2.91509699821
2.58614301682
2.61815905571
2.56734085083
2.68607616425
2.29449987411
2.58517789841
2.30058407784
2.48315095901
2.86174106598
2.41259503365
