Experiment Results
5.92481708527
5.51534509659
6.63436889648
5.83209896088
5.66410899162
6.56878900528
8.68507504463
5.53389811516
5.2629609108
6.08892321587
5.23217892647
6.34969305992
5.26004600525
5.12399291992
5.36439013481
5.47323513031
5.10592103004
8.65336608887
6.61366319656
5.84919881821
6.24766182899
4.98013615608
5.84579396248
5.31457495689
5.50662899017
5.65594601631
5.38895511627
5.39468407631
5.19903111458
5.50086307526
5.17712497711
5.63949108124
5.31326317787
5.45152997971
5.91518902779
5.19097614288
5.38423490524
5.54524803162
6.9692440033
7.62334084511
6.89619493484
4.96049690247
5.57311606407
7.40521001816
6.38476085663
4.84505581856
8.11455607414
5.15021681786
5.74094891548
5.77285599709
5.34279990196
5.90355086327
5.57978415489
5.83103179932
5.30657982826
5.70082783699
4.98799586296
4.91198396683
5.08132696152
5.20476794243
5.60222411156
8.18836784363
5.03931498528
5.43762683868
8.11091899872
6.74533700943
5.37709498405
5.05671811104
5.62206912041
4.86843514442
5.43615198135
5.16876006126
5.28390789032
5.0743830204
5.12532997131
5.41979622841
5.21328902245
5.48867297173
4.56591200829
5.32731485367
5.24911999702
5.61330294609
5.28975987434
4.93194508553
5.24089694023
5.45557594299
5.5199341774
5.20989108086
4.84767389297
5.19991087914
5.13698601723
5.2277200222
5.11951804161
5.77886390686
5.27561497688
5.36038517952
5.13726806641
5.30555987358
5.17599320412
6.48699498177
5.78625392914
7.36898803711
6.26138186455
6.68525099754
5.55523300171
5.69793605804
5.9911980629
7.71391606331
5.4313390255
5.78402400017
5.20690608025
5.36536693573
5.36059713364
5.57571196556
5.28182792664
5.54998588562
5.37904500961
5.18313407898
5.30895590782
5.13060879707
5.35924196243
5.90787005424
5.60928606987
5.42092299461
6.5792760849
7.3359041214
7.51006793976
7.79263997078
6.26513886452
5.77345609665
5.7777929306
5.26858186722
5.24103307724
5.33051395416
5.49127197266
7.41331100464
5.15768885612
6.10090398788
5.45980191231
4.98369598389
5.29789113998
5.55800890923
5.54957294464
6.77780413628
6.52643990517
5.84259295464
5.53631901741
9.19522094727
5.15742897987
5.50874614716
5.74247288704
5.6846010685
5.28214597702
4.98226594925
5.64449191093
5.5522518158
5.00771784782
5.1240670681
4.89447593689
5.11483812332
5.5586130619
5.28026103973
5.10240387917
5.56303286552
5.19613289833
5.11941099167
5.34273695946
5.6700630188
4.70953202248
7.30068993568
5.49644517899
5.24396491051
5.37403583527
4.95069313049
5.57859897614
6.99207305908
5.28338909149
5.68771910667
5.28852820396
5.57400393486
5.80425596237
5.29662799835
8.0937769413
4.94580006599
5.84223604202
6.41912388802
5.97316503525
8.16778302193
4.96906089783
5.36893796921
5.7341709137
5.44515514374
5.08490085602
5.40987181664
5.72123813629
5.16551089287
5.65141296387
5.32302618027
5.38914990425
5.07044386864
5.71612000465
5.81063199043
5.63323998451
5.75104284286
7.67291307449
9.57288193703
5.34022498131
5.41637706757
5.50974178314
6.09818696976
7.11710095406
5.12285804749
5.91230201721
5.33229398727
5.77795696259
7.50322914124
5.20657992363
5.506772995
7.07056593895
5.53778100014
5.19087004662
5.28720283508
5.48446321487
5.4679608345
5.4812400341
5.66733813286
5.5869679451
5.78103017807
5.08885908127
5.83156514168
5.81176686287
5.65347886086
6.15777516365
4.8940050602
5.28141903877
5.29767918587
5.37134003639
4.77980184555
5.59930896759
5.59037208557
5.06672596931
5.49583983421
5.4672369957
5.18990802765
5.38476920128
5.4136300087
5.55513620377
5.56238508224
4.89488196373
5.37338089943
8.50441193581
5.19800209999
5.35345005989
4.98501086235
5.32756400108
5.50444817543
5.04349684715
5.39012289047
5.38284778595
5.58179092407
5.48252606392
5.89109611511
5.19616007805
5.17985296249
5.3086669445
5.08858180046
5.95559597015
5.18008708954
8.84737801552
5.85710716248
5.16261100769
5.81436491013
5.30815815926
5.25792479515
6.09940099716
5.47496294975
5.40877008438
5.48056006432
5.34766602516
5.37644720078
5.39864087105
5.27163386345
5.83289599419
9.11620211601
5.12967514992
5.43074202538
5.52953386307
5.72608804703
5.49300289154
5.06977915764
5.24837803841
5.63959002495
9.39956593513
6.18180012703
7.79279303551
5.37615895271
5.40798401833
5.67652010918
5.51978707314
6.69924592972
9.38491296768
9.65978598595
5.9787800312
7.45132708549
5.58766698837
5.31283116341
6.45723390579
8.04787397385
5.0533080101
10.0555810928
7.0633161068
5.31877803802
5.47494983673
5.31351613998
5.65126419067
5.0926220417
5.72641181946
5.6994330883
5.57505202293
5.0614361763
6.07494902611
5.48573493958
5.35080909729
8.29018688202
5.07877397537
5.78889608383
5.25658798218
5.12075805664
5.35611081123
5.756098032
5.39130210876
5.16783094406
5.48747992516
5.54306006432
5.93125581741
7.15084195137
5.7472820282
5.61085295677
5.19436502457
5.7017288208
5.32028198242
5.61534500122
4.9947180748
5.52652311325
5.53826904297
5.15674495697
5.25240015984
5.54323101044
5.46601891518
5.53830695152
5.63531804085
5.19150090218
9.18941402435
6.1307849884
5.44203710556
5.17982912064
4.97882890701
5.53445696831
5.22432684898
5.78375720978
6.10926604271
5.41620182991
5.53328204155
5.00954318047
5.5574491024
5.14805698395
5.35234594345
6.97002601624
5.19910597801
5.35032105446
5.42630195618
4.78214502335
5.30292606354
5.06374788284
5.51567006111
5.26237201691
6.41095089912
5.11717295647
5.34388113022
7.52414822578
5.52550816536
5.12090086937
5.27802395821
5.54377317429
4.95171403885
5.07680988312
5.31273698807
5.10416102409
5.47861003876
5.54203391075
5.3362698555
4.97647595406
5.37292718887
5.37573599815
8.95270109177
5.02946519852
5.27932310104
5.32172489166
5.78342199326
4.91870903969
5.67072081566
6.41912317276
5.33956480026
5.67725610733
5.7948539257
5.9512720108
6.12424087524
5.22750115395
5.36437106133
7.39483308792
5.17102503777
5.856965065
5.3679831028
5.11909985542
6.56648492813
5.27320599556
5.71342611313
5.50713706017
5.55874800682
5.18724298477
5.69276094437
5.23498702049
5.31815004349
5.45301795006
5.75279307365
5.56506085396
5.24337887764
5.43566703796
5.88118100166
5.49187684059
5.45646381378
5.57623004913
5.0584359169
5.95376110077
5.39784193039
5.24398207664
7.72898077965
5.09249091148
5.34974789619
4.91966700554
5.3252851963
6.51753306389
5.20987987518
5.61015987396
5.47308707237
7.49671792984
5.32867002487
5.80436992645
5.28783297539
5.50836110115
5.08547687531
5.55748486519
6.11858797073
5.39295101166
7.96465015411
5.18206501007
5.25783085823
5.0786678791
5.29791307449
5.27347493172
5.69770598412
5.27596712112
5.72454404831
7.41080498695
5.23788809776
5.39551401138
5.70209598541
5.57070112228
5.21339201927
5.86334300041
5.40806698799
5.40990400314
4.98149514198
5.46308898926
6.77506303787
5.50217008591
5.36528205872
5.71530389786
15.1891717911
5.05794286728
5.89092516899
11.3259749413
5.98839402199
5.68936085701
5.38588094711
5.95185089111
5.7827129364
5.11785888672
5.56925582886
5.82941412926
4.86540102959
5.71024703979
5.56257915497
5.27407288551
4.98571705818
5.61957406998
5.35481095314
5.49827408791
7.69053006172
5.17961502075
5.40085983276
7.22127604485
5.65841984749
6.16129612923
5.7132461071
5.09374499321
5.87046408653
5.2347741127
13.5939531326
6.97177410126
8.05212903023
5.54150104523
5.92306685448
5.88203215599
5.9864590168
5.4485771656
5.88659882545
5.51478505135
5.53121113777
5.35037612915
7.50607609749
5.19827795029
5.52500796318
5.76588797569
5.46074700356
5.44715499878
5.62337207794
8.00437688828
5.25662302971
5.66795086861
5.48364591599
5.38520407677
5.69694805145
5.59643793106
7.9716501236
5.27955317497
8.16452598572
5.25472378731
5.75615596771
5.64087796211
9.47509407997
5.14991593361
5.07460093498
21.9261369705
11.4991149902
6.91258788109
14.0693399906
5.88777279854
5.50340199471
11.6372041702
5.3075799942
7.2535610199
5.96810507774
5.67457103729
5.61466407776
19.170003891
11.2325870991
4.97038888931
5.82507896423
6.28606200218
5.43259096146
5.8515150547
6.02712583542
5.07956314087
5.5619289875
5.41839003563
5.73463010788
5.71825098991
7.58218884468
7.27148294449
10.3122258186
10.4826490879
6.73458600044
5.62052202225
5.79253005981
5.79487586021
8.7319920063
6.24725198746
5.41591906548
5.01227998734
6.05428195
5.27073502541
5.39488196373
6.18527007103
5.32635521889
5.4924390316
6.26418805122
15.2651069164
5.01073503494
16.4700930119
5.76626992226
5.43730092049
7.14302015305
7.73134112358
5.99071383476
5.62232112885
6.30894207954
5.88727283478
5.10815811157
4.96637797356
