Experiment Results
1.8054997921
1.44453501701
1.50745296478
1.44703316689
1.33910894394
1.37871909142
1.25675702095
1.35544776917
1.17203903198
1.39047503471
1.24573278427
1.17655205727
1.27014112473
1.28196191788
1.16227388382
1.16869091988
1.16366887093
1.38647007942
1.27719902992
1.27904987335
1.28861904144
1.25713205338
1.16951179504
1.18287706375
1.27099394798
1.1761610508
1.27226805687
1.27418804169
1.18980789185
1.36459684372
1.17550492287
1.27080011368
1.20187616348
1.16742300987
1.21684598923
1.15583705902
1.15616703033
1.20148015022
1.18313503265
1.27357792854
1.29038190842
1.1837720871
1.1698410511
1.19778394699
1.28408193588
1.20515203476
1.14181303978
1.18047881126
1.11483097076
1.17367506027
1.26572299004
1.28619194031
1.09195685387
1.18784379959
1.07978796959
1.18244814873
1.08657598495
1.08208179474
1.19189810753
1.28628396988
1.18048000336
1.08854985237
1.19292807579
1.07936501503
1.19288396835
1.08472204208
1.19058704376
1.19864702225
1.28491711617
1.17911815643
1.08093380928
1.08736395836
1.1762650013
1.09908008575
1.09365987778
1.19017481804
1.09022212029
1.07796907425
1.09392619133
1.07887196541
1.10927510262
1.16282200813
1.00764298439
1.07480406761
1.78965091705
1.08380103111
1.1892580986
1.1890130043
0.998845100403
1.28395795822
1.2143368721
1.16860795021
1.1892209053
1.07884883881
1.19818401337
1.07826113701
1.10238099098
1.07676506042
1.20510601997
1.09451603889
1.5885310173
1.34543609619
1.53506302834
1.4306268692
1.26337194443
1.2689409256
1.38244485855
1.24413704872
1.35539102554
1.27156186104
1.3907790184
1.37501001358
1.37974286079
1.24111700058
1.27777695656
1.29067993164
1.25148010254
1.36855006218
1.27130913734
1.3024559021
1.15520095825
1.27549600601
1.27798891068
1.16975903511
1.18421697617
1.18019795418
1.2743678093
1.16776490211
1.18253922462
1.37984895706
1.19478797913
1.3855779171
1.14593315125
1.28360915184
1.28934001923
1.17433905602
1.17123794556
1.21045899391
1.17121505737
1.17349720001
1.27175283432
1.18691301346
1.27528309822
1.20970797539
1.2565100193
1.17789101601
1.19638800621
1.40226697922
1.05436491966
1.20302391052
1.17625594139
1.4777700901
1.20062088966
1.19263505936
0.996920824051
1.15043783188
1.1203019619
1.16402792931
0.974148035049
1.09071683884
1.17304301262
1.10173106194
0.987152099609
1.08895421028
1.06641983986
1.09765982628
0.992033958435
1.07919812202
1.20469307899
1.17055988312
0.997138977051
1.20251607895
1.06393790245
1.08274102211
1.09623098373
1.27312803268
1.20756316185
1.18159008026
0.990128040314
1.09703493118
1.06358885765
1.10075998306
1.19441390038
1.16267991066
1.00730705261
1.09424591064
1.17250800133
1.00144314766
1.03254699707
1.14393091202
1.0961060524
1.18399810791
1.21537089348
1.0563519001
1.09862613678
1.19097495079
1.09320902824
1.18944001198
1.17059493065
1.01157999039
1.58710002899
1.4254720211
1.56047916412
1.4333589077
1.35225486755
1.25531697273
1.27038693428
1.24709200859
1.22802996635
1.32047605515
1.25904202461
1.17941117287
1.28666400909
1.26319885254
1.27832603455
1.15719389915
1.17512798309
1.27224516869
1.2753610611
1.38835096359
1.25932192802
1.17788219452
1.17978811264
1.26723194122
1.27154302597
1.19110584259
1.26385211945
1.27432990074
1.29928898811
1.35848999023
1.08320808411
1.18377900124
1.27010393143
1.19999790192
1.25387716293
1.29434299469
1.17496490479
1.09388685226
1.17783498764
1.16564011574
1.29028606415
1.09216094017
1.17197799683
1.17148804665
1.08905410767
1.1884021759
1.1776201725
1.28351998329
0.99544095993
1.16958713531
1.09339880943
1.08418011665
1.08332514763
1.08081388474
1.08661699295
1.0819067955
1.08344388008
0.987984895706
1.20304989815
1.17445802689
1.08741497993
0.973035097122
1.01051807404
1.1698448658
1.08652997017
1.08299422264
1.19452500343
1.08952307701
1.19398403168
1.16843104362
0.992761850357
1.37805104256
1.09903287888
1.08272600174
1.08626890182
1.18808698654
1.21314406395
1.16597986221
1.09058618546
1.18621897697
0.990224838257
1.17182302475
1.22994112968
1.19342017174
1.05744504929
1.09217905998
1.16374492645
1.10602688789
0.99024605751
1.08901596069
1.07974815369
1.19115400314
1.09036707878
1.11288404465
1.06572294235
1.09889101982
1.07827711105
1.11199903488
1.14881491661
1.00535202026
1.42082309723
1.409719944
1.53388094902
1.35036301613
1.37625288963
1.34299707413
1.27421784401
1.25477099419
1.17655181885
1.27013492584
1.3586370945
2.28376483917
1.18277621269
1.35296201706
1.26323413849
1.26777005196
1.18358898163
1.27498602867
1.16769814491
1.28298997879
1.17084097862
1.17704200745
1.25625514984
1.30142903328
1.25872087479
1.0970518589
1.15808105469
1.17370009422
1.18009090424
1.38248205185
1.19816088676
1.25794005394
1.28747987747
1.09271979332
1.17845010757
1.27387094498
1.15963387489
1.38634395599
1.09998512268
1.17992115021
1.26762795448
1.17999100685
1.27437806129
1.10300707817
1.16354703903
1.20580220222
1.17145204544
1.1814789772
1.08727693558
1.18128585815
1.17546486855
1.20678687096
1.1737101078
1.08800601959
1.17039084435
1.09382796288
1.09147000313
1.18058991432
1.12820506096
1.04169988632
1.07945203781
0.99898982048
1.09368991852
1.07095503807
0.999295949936
1.17679405212
1.09103703499
1.08103084564
1.18655109406
1.20151495934
1.07589888573
1.18162107468
1.2158768177
1.06326293945
1.08647990227
1.19018697739
1.10746407509
1.17348003387
1.18168306351
1.18693494797
1.09389686584
1.40614199638
1.16030502319
0.992659091949
1.31209993362
1.16078209877
1.09388184547
1.1006500721
1.06865620613
1.10027313232
1.09455394745
1.16049098969
1.09916400909
0.992222070694
1.0952630043
1.08698797226
1.08460783958
1.09727215767
1.18396496773
1.08214712143
1.50832796097
1.51737308502
1.44910097122
1.34409403801
1.35141396523
1.36480998993
1.258259058
1.17306804657
1.25372385979
1.39045500755
1.28639507294
1.26472902298
1.27107810974
1.18178486824
1.16786599159
1.1598238945
1.19054484367
1.25942707062
1.27338790894
1.37546086311
1.36745595932
1.26566696167
1.1852619648
1.18516898155
1.35616898537
1.08998799324
1.26412200928
1.28361010551
1.07513594627
1.48051095009
1.27983498573
1.2911529541
1.16044211388
1.0956299305
1.1821539402
1.17939519882
1.27550816536
1.19002795219
1.16767597198
1.18192720413
1.40568614006
1.25323581696
1.29193902016
1.27511191368
1.29239606857
1.16610503197
1.18398213387
1.18208384514
0.986245155334
1.11228990555
1.25628900528
1.19481611252
1.17083787918
1.28835701942
1.11387586594
1.15775704384
1.08589291573
1.08309102058
0.992448091507
0.980302095413
1.09993505478
1.0726480484
1.08936905861
0.982599973679
1.09922099113
1.07531690598
1.08975505829
1.09108304977
1.1845638752
1.08141994476
1.21331787109
1.05989599228
1.30590105057
1.10072898865
1.06608700752
1.28642582893
1.18876194954
1.08721184731
1.0854139328
1.084182024
1.19537711143
1.09887814522
1.16843104362
1.10286808014
1.16402292252
1.10568618774
1.0883538723
1.08143997192
1.00455999374
1.27444720268
1.27438306808
1.18927288055
1.11392211914
1.17200303078
1.08727407455
2.5894241333
1.08352303505
1.09728598595
1.18545794487
1.00138497353
1.59994888306
1.34294390678
1.52215099335
1.62815380096
1.35866212845
1.27702188492
1.25969815254
1.30142998695
1.24094104767
1.3544049263
1.27553892136
1.28155589104
1.45049381256
1.2762131691
1.18829488754
1.27531695366
1.16757011414
1.26655697823
1.26612901688
1.29750108719
1.16116189957
1.18127393723
1.16327905655
1.41090917587
1.24228405952
0.984270811081
1.16889405251
1.08709597588
1.27926492691
1.3698117733
1.18205094337
1.29224991798
1.17993402481
1.16501784325
1.27266311646
1.1910572052
1.07911491394
1.0987739563
1.17242193222
1.16777205467
1.2804479599
1.19178199768
1.18058085442
1.16578412056
1.19465994835
1.18470788002
1.17957901955
1.29291510582
0.978735923767
1.17002296448
0.986742019653
1.2074611187
1.07558989525
1.06918621063
1.08858585358
1.07898688316
1.17557382584
1.11064195633
1.17035007477
1.08295488358
1.09475588799
1.08315992355
1.11214709282
1.15298199654
1.0923371315
1.13277792931
1.14123916626
1.11028409004
1.17175102234
1.18530988693
1.28821706772
0.981977939606
1.40492606163
0.984620094299
1.07661914825
1.20181393623
1.07678079605
1.18304300308
1.00187683105
0.982326984406
1.00371599197
1.0931429863
1.26191306114
1.0854139328
1.09319496155
1.10309886932
1.25759100914
1.10101795197
0.985165834427
1.21250200272
0.991818904877
1.07976198196
1.20023298264
1.07792496681
1.09672498703
1.17815494537
1.17200708389
1.08878207207
1.00453782082
1.07061314583
