Experiment Results
4.2449760437
3.79663801193
9.33948993683
6.44159197807
3.84949302673
5.97559905052
3.66046190262
8.07113194466
3.66792392731
10.5861701965
3.54364085197
5.27574491501
3.66948509216
10.8907079697
4.95171189308
4.77937984467
3.59005284309
4.17254710197
3.86346483231
5.11854100227
3.52954483032
8.09138798714
3.55213403702
3.60099601746
6.96361398697
9.21838378906
7.52688598633
3.86181807518
8.59713816643
3.76110005379
6.30849123001
10.0589950085
4.31488394737
3.9272069931
3.81338906288
5.7538459301
3.39333701134
9.17317199707
9.2777030468
3.50679206848
3.77018618584
5.89152598381
4.3540160656
7.81062507629
3.55406808853
3.58466911316
6.61766695976
3.94976902008
9.38194012642
4.38839197159
3.47185111046
9.29990506172
3.28784203529
10.8943650723
4.57066607475
6.98576283455
7.01147580147
3.96193695068
10.7952711582
3.58856201172
3.3741838932
11.0101749897
3.74631094933
5.49709892273
4.69575881958
10.3774490356
4.9953789711
3.48554182053
5.97926497459
10.2883710861
3.5337061882
4.54082489014
6.59612107277
3.48175692558
6.6957681179
6.4737739563
4.18078899384
3.81058216095
8.98080086708
8.79688119888
3.67946100235
3.39716720581
5.16286897659
3.49159502983
5.59374189377
3.50382089615
4.37589287758
5.68715691566
8.39196896553
3.67330884933
5.99179410934
4.62489295006
10.8425199986
3.3977329731
6.30949807167
6.17222499847
4.28345704079
7.3064250946
9.28484392166
3.57415795326
4.34268093109
3.96590089798
4.16980290413
5.66914105415
4.13095808029
3.69587993622
6.03020882607
8.30503892899
9.74856710434
6.25524091721
3.7766520977
4.09238505363
3.84861803055
6.17026209831
3.48099088669
7.4035859108
3.72769498825
4.08002996445
7.76836204529
9.08387804031
3.97237110138
4.10179615021
5.25445604324
3.78442907333
6.2500269413
3.6749560833
3.79883599281
9.67594313622
5.67007303238
4.25430703163
8.19969296455
5.96728014946
4.40650892258
9.48332595825
7.65618515015
9.61294603348
5.5609369278
5.95490193367
6.88400483131
13.4857461452
6.11968803406
7.14211010933
4.35721611977
6.60221505165
6.92728590965
3.56661605835
4.54696297646
11.9358868599
15.8652579784
8.97285294533
12.9982011318
7.17774701118
8.28743100166
3.37990403175
10.7892639637
6.27428102493
7.67862582207
8.18086504936
8.99880695343
9.84765791893
13.2343199253
4.25906014442
12.5116000175
3.76071977615
3.39162516594
7.49610900879
3.79950094223
7.98192191124
8.09764003754
5.48039007187
9.89180994034
3.6799800396
3.76158905029
3.90258288383
3.60689687729
4.18446397781
4.56571102142
4.49809384346
6.05960297585
6.4377849102
6.02969098091
5.52394509315
7.58569979668
11.1885027885
8.77708387375
8.51721596718
8.45334196091
7.49328398705
6.9345459938
8.65909600258
8.68781614304
4.21402001381
6.35372591019
12.3734648228
3.79695606232
9.00179219246
12.9832439423
5.50603294373
4.96872401237
10.8888640404
8.93431687355
7.00692415237
6.53977298737
6.19367694855
4.9214758873
4.74166917801
8.87703919411
11.2445878983
6.26716399193
10.7840721607
8.05412101746
9.10687494278
3.87385606766
3.83850502968
7.07993483543
6.45719480515
3.68991780281
8.17518520355
10.8304841518
3.80312991142
9.69177699089
6.66642999649
4.48703885078
10.8887739182
4.1832318306
3.63063383102
5.495429039
11.2633879185
10.8862879276
9.78214907646
5.46791195869
8.68204903603
7.97153496742
13.0881559849
4.18435883522
3.57690000534
8.99622416496
3.65665388107
8.97992897034
5.81274199486
6.84733104706
3.39162802696
7.57240700722
4.88063097
3.88877797127
7.90489196777
5.39078497887
4.45285606384
5.7226099968
8.34267091751
11.0899841785
9.49113297462
4.40186500549
6.66191101074
9.68909907341
9.06948709488
8.80774116516
7.45681285858
8.40200304985
8.80576300621
14.5657989979
3.97398805618
4.88974690437
3.63104200363
8.14011693001
3.3772559166
11.2069129944
3.66699290276
3.80097389221
9.38962602615
5.28041911125
3.66242194176
13.9125580788
4.25044608116
3.72211098671
7.78292894363
8.83292508125
3.58606481552
8.76393604279
3.67152905464
7.20774507523
11.1753370762
7.10471391678
3.76068615913
9.00131607056
9.49915790558
7.49006009102
11.172629118
13.1001391411
6.84889984131
3.49621701241
9.53914999962
3.43062400818
5.53765583038
3.64569997787
6.51980018616
8.67321610451
6.3889529705
7.18814706802
7.6899960041
10.0173299313
5.52005290985
12.2282569408
8.76640796661
9.14545202255
10.3442220688
5.58948898315
3.6460609436
3.57022094727
7.3807311058
6.0594329834
6.18126797676
15.1771101952
10.0912969112
7.2444961071
9.66689610481
10.1463170052
8.98253488541
7.49719691277
4.42711901665
6.60861110687
10.3761110306
7.76863217354
18.0769579411
8.77682685852
10.4835581779
12.849875927
7.57947897911
7.50108194351
6.37077498436
7.19822216034
8.35769200325
6.78056812286
12.9541559219
8.59308791161
9.50821304321
3.6411948204
6.81376385689
4.06269598007
3.6764729023
9.18018007278
4.27551412582
8.00715208054
6.22594189644
5.21901202202
6.98795509338
8.71033287048
5.34293198586
6.90785217285
5.76695799828
3.69797205925
6.26490688324
11.1049931049
10.0705268383
3.68447303772
5.37527704239
6.79076004028
4.48394298553
3.98628592491
11.1912050247
9.99856591225
6.68742513657
8.08074784279
7.86904788017
5.49760007858
6.60099005699
5.38445901871
6.4955201149
7.9569849968
7.5834209919
4.09611201286
9.99392485619
7.67178583145
3.50992512703
8.47434806824
12.3937869072
14.3646018505
10.3007428646
8.30712890625
9.06871795654
7.48993802071
5.46418595314
8.40218114853
4.68156003952
9.06887102127
5.31681203842
8.80971598625
6.55378985405
5.90131187439
12.4971530437
7.38119912148
6.68303585052
6.27780795097
8.30582809448
7.30003786087
3.68756198883
9.07927489281
4.07463598251
3.9037771225
5.08242487907
8.40896105766
6.21619391441
10.1224448681
3.85107493401
14.7607610226
9.75091409683
10.1783468723
7.45865392685
3.57422208786
8.19071793556
8.7525510788
11.6799068451
8.35749292374
11.274408102
9.44977116585
3.99159312248
5.85730886459
13.868915081
6.47487998009
3.98140096664
12.0840110779
13.4568588734
7.28038883209
14.2747039795
10.9871549606
6.77882099152
18.8582370281
9.97525191307
15.3773870468
9.67640900612
3.71750998497
7.6300740242
3.61614203453
3.74884605408
7.23775815964
3.70806789398
8.20282697678
7.67591404915
10.6607899666
6.98740410805
7.68454313278
5.2952671051
6.96004009247
5.08804011345
3.68096613884
6.99080991745
3.56765794754
8.29013681412
12.5844578743
9.47944402695
9.30409002304
6.87444996834
10.8775429726
6.98037099838
16.0910868645
4.60458803177
4.054666996
3.49314212799
3.4789788723
3.48694014549
9.0931968689
8.48117613792
8.88954520226
9.35056304932
5.54766201973
8.27965807915
5.28751397133
3.4673500061
7.90817785263
8.92063093185
8.43680691719
8.48155784607
3.49114990234
3.49489593506
11.3101680279
3.65190005302
6.88928318024
6.68326115608
9.30062198639
7.37329101562
17.9793419838
15.264881134
4.33685994148
6.07501196861
14.7917568684
3.81774306297
4.45426082611
3.70468997955
3.65821504593
10.2940101624
13.0891640186
9.90648198128
3.86745810509
9.67065000534
7.79689002037
9.93259096146
8.18062090874
5.87834596634
8.56874108315
10.0913829803
7.50534915924
13.0361092091
9.41693401337
16.4506680965
11.862290144
6.15786910057
9.37304496765
8.56490492821
9.26188898087
7.57153010368
12.6723480225
9.96352577209
7.06415104866
10.2992238998
13.4778559208
7.76627397537
11.5810251236
4.87333798409
3.85651111603
5.87153196335
7.17315912247
3.80979704857
8.94355583191
11.0780260563
9.47504615784
3.77174592018
7.76405286789
12.3980181217
11.963668108
7.56900691986
8.89107203484
6.3760330677
6.08009195328
15.2042319775
7.26033806801
7.36471605301
11.8210430145
4.1628241539
12.5156240463
8.46260285378
3.6756401062
6.65380001068
5.17194104195
3.74427318573
3.66900014877
10.2675380707
5.18814206123
5.09132289886
9.76833295822
11.0156629086
14.0630970001
7.0059671402
5.3598408699
8.71585392952
9.66986107826
9.77262687683
9.18400001526
4.69074296951
12.4055302143
3.75497794151
13.6593739986
15.1085979939
10.1079730988
3.66732406616
9.48985409737
7.06008291245
5.02602601051
3.74340105057
9.59438490868
11.2981050014
10.1016759872
13.6821959019
9.0131790638
8.58574104309
3.66163706779
3.88969111443
9.79324603081
9.68726205826
3.67294502258
16.5757920742
13.2982001305
3.70365595818
9.74190783501
4.12063598633
7.70908904076
6.23022794724
6.21654295921
14.5887360573
13.800880909
8.19706487656
8.07953906059
4.68388319016
3.67566800117
3.89684700966
10.9982988834
8.27530312538
9.39233899117
5.28099012375
12.4025127888
7.98242592812
