Experiment Results
6.51588201523
6.32346796989
5.92964291573
6.06154704094
6.05661892891
8.17091202736
5.55498600006
5.76026391983
8.77410006523
6.36046290398
5.47542905807
5.76700806618
5.67574691772
9.28028893471
5.6755900383
5.96366405487
5.58006715775
8.11468791962
5.24451398849
5.96572589874
6.37458205223
6.57893204689
5.38166189194
5.47653102875
6.27384901047
5.37767601013
5.96333312988
8.79016804695
6.06959700584
6.28970384598
5.7885260582
5.76537489891
5.38346099854
5.57347202301
6.07799720764
5.78128385544
6.78896403313
5.98161411285
6.27227210999
5.78701591492
8.57147407532
6.67934203148
6.3936829567
5.4758849144
5.39213490486
7.46980381012
6.19192385674
5.48205685616
5.78418421745
5.88348293304
6.49688696861
5.98940992355
5.67629313469
5.68269491196
6.27735900879
5.68991589546
5.58862686157
6.19040608406
5.1770260334
5.89863300323
6.16718006134
5.91713404655
6.45714378357
6.09331393242
5.98832702637
6.09164190292
6.18316602707
6.78399205208
6.00326299667
5.78002214432
5.99300408363
6.07446813583
5.68299889565
5.99186897278
7.39207100868
6.09287500381
6.0759871006
5.98848581314
6.28452801704
5.79588699341
5.80455708504
6.36991286278
5.69757413864
6.89011120796
5.5928030014
5.98521518707
6.09183502197
5.78022909164
5.48299098015
5.8852918148
5.89254999161
5.88997793198
5.69874787331
5.6902449131
5.48213005066
6.09125804901
5.59150195122
5.39190101624
6.07956600189
6.77432012558
6.25807094574
9.68956780434
6.06045889854
6.80431509018
6.10162091255
6.03455209732
5.88148784637
7.34336805344
5.88895702362
6.55558991432
6.59187889099
5.96433496475
5.95845413208
5.47200083733
5.96071696281
5.79598212242
6.06466412544
7.68048501015
5.34532499313
6.19047999382
6.07297205925
5.88155794144
5.46402311325
8.47886705399
6.58728289604
5.95532512665
10.0765991211
6.18086600304
6.58108115196
8.08225297928
6.50093102455
9.87929701805
13.435986042
11.5965878963
9.46811318398
5.99274992943
5.97509694099
7.46984887123
7.59302401543
7.09059500694
6.56963300705
5.80924987793
8.94995594025
5.91125512123
6.15500307083
5.4866771698
6.18257117271
5.57656002045
5.69157409668
5.67211604118
6.29912805557
6.68097805977
5.98991298676
6.18071007729
5.57726097107
5.99399399757
5.58810710907
6.08490896225
6.18451404572
5.87616991997
7.88583397865
6.99782299995
6.08829283714
5.9052541256
5.50324988365
6.38221597672
6.5529859066
5.77917289734
5.98765301704
6.28363895416
6.03697800636
5.74219703674
6.48874020576
5.73240804672
7.55608201027
7.59151697159
6.68083405495
7.19279813766
5.98339486122
5.87724399567
6.00212788582
5.89311408997
9.07238197327
5.6960580349
6.3911318779
6.2910888195
5.97383213043
6.1014790535
7.0886259079
6.47785806656
6.18920207024
6.38432788849
5.70590996742
5.60640096664
7.08662223816
7.37498998642
5.78094816208
6.29051399231
5.78255915642
6.57880496979
7.72525310516
6.4202439785
5.92652177811
6.55581188202
5.95825600624
10.6638321877
7.15803313255
5.47063016891
6.76231098175
6.96705698967
7.38521504402
6.96734714508
9.52982401848
6.13115906715
5.26288104057
5.77819395065
6.08387684822
6.35012102127
7.68090891838
6.37477898598
5.70568799973
5.83957409859
7.37966513634
6.97428393364
10.961938858
8.17945408821
6.39482116699
7.26992893219
5.76929306984
8.19170808792
5.87374901772
7.27652692795
5.37717103958
8.36571502686
10.5842769146
6.78744888306
6.09121608734
5.90354204178
5.84792709351
7.80474996567
7.16080307961
5.89060282707
6.36668086052
6.17610001564
6.69946813583
6.88602900505
5.58345413208
7.2871530056
5.68114805222
5.67304706573
6.09296417236
9.97617292404
8.59234118462
6.1394610405
5.82771611214
12.9942820072
7.16441702843
5.53789019585
8.45286488533
6.56512093544
6.00402212143
5.88213801384
6.59297299385
8.97691917419
7.28756904602
6.28692817688
5.98726201057
6.29043006897
6.3898229599
6.89505910873
6.47128796577
6.40163207054
6.98101210594
5.50106501579
5.9667699337
7.79282593727
6.3850300312
6.29939079285
6.07833981514
6.6865670681
5.59636902809
5.67972302437
5.7899119854
6.19609904289
6.07679080963
6.58283495903
6.32960987091
5.45581912994
8.4048511982
5.77021884918
5.69390797615
6.88427615166
9.48859906197
6.98773312569
6.38621211052
6.69132399559
5.82586193085
5.66451382637
6.3790230751
6.28897094727
7.21255517006
7.72471308708
10.2249751091
8.6608068943
6.34895920753
6.26666378975
7.0585129261
6.67942118645
7.05130696297
6.18253803253
7.95226597786
5.47991013527
5.86646294594
10.8769979477
8.36684298515
6.57499408722
5.88188505173
6.47169995308
6.48368096352
5.66502714157
5.9674949646
6.28887701035
5.9736020565
6.67232298851
9.47154998779
8.3801472187
6.56816315651
6.40039396286
7.15266108513
8.77018904686
7.00387501717
6.36324381828
6.57359695435
6.3711001873
5.99926996231
5.68293714523
7.27480316162
6.28049302101
6.37590408325
6.9883980751
9.78211092949
6.48874378204
7.57556700706
6.16956496239
5.92550516129
5.74258899689
6.4752600193
6.12210583687
5.85326504707
6.09784603119
5.38229393959
6.2782189846
5.99429297447
6.86901307106
6.58738517761
9.28075790405
10.4944069386
5.37733507156
5.78396296501
5.69010901451
6.49764084816
6.76738595963
6.50497889519
7.18037796021
7.18302702904
5.29403185844
5.58369803429
5.69358515739
6.8808259964
7.88871002197
5.78643202782
5.78505015373
6.18201804161
5.90319991112
6.48214912415
7.18607401848
10.0825150013
6.19105219841
5.59597110748
5.11784791946
5.65416193008
6.78768897057
6.40774798393
5.07185697556
6.88442587852
7.49665999413
6.6746969223
5.5949511528
6.18917894363
5.87553596497
6.73510813713
5.54884600639
6.4900290966
6.19383692741
6.68210887909
6.30089402199
6.27872610092
10.8942620754
8.08669304848
7.29736399651
7.29859495163
6.72560787201
7.73072910309
7.24259495735
7.46883606911
7.14480185509
6.4646320343
6.0793800354
5.76045489311
5.8813149929
6.57810497284
8.57685303688
6.98637795448
8.84443807602
5.77707004547
6.46337008476
6.30393195152
5.95250296593
5.87208509445
8.27504205704
6.67558503151
7.36648011208
7.18503785133
6.37227296829
8.1728849411
7.07217693329
6.36223983765
7.68547105789
8.77439618111
5.75634884834
5.97826600075
6.7851960659
7.97400093079
5.68754816055
5.66988515854
5.78517889977
6.08829712868
7.27253890038
6.98391103745
8.60131406784
7.15271615982
6.99904990196
7.0674200058
6.18368601799
6.67111206055
6.09384489059
6.08066892624
5.79109096527
6.09582781792
6.296200037
7.65678215027
5.89266705513
6.08155488968
7.35668206215
6.2073969841
6.38176107407
6.30001282692
5.57990694046
6.18831586838
5.68619585037
5.70274782181
5.57559704781
5.77395701408
5.69553685188
8.76787495613
6.3031668663
7.59237384796
6.38650798798
6.38088703156
7.18050885201
5.58859992027
5.90948915482
7.56486010551
5.99610495567
6.57998514175
7.08626818657
5.89748215675
5.98874616623
6.19547510147
7.17071914673
6.59233188629
7.52256703377
9.45419096947
5.48508095741
5.88142800331
6.59311294556
7.19219303131
5.98325395584
6.19048190117
7.29413604736
6.48193621635
7.19404792786
13.1837618351
5.99188113213
6.67665410042
7.91357588768
5.75597000122
6.21286010742
5.35985517502
6.1090528965
7.09401297569
6.41769385338
6.62770605087
7.44410920143
10.3549768925
7.77165007591
9.86705994606
7.48080086708
7.97315716743
10.6502230167
8.27586913109
7.15610098839
6.68271398544
6.07386803627
6.48561096191
5.95207881927
7.37841916084
9.08010315895
6.46600103378
7.47214508057
5.58902907372
6.77556800842
9.36399698257
7.17777681351
6.71942210197
7.72861480713
6.17047595978
6.59842920303
7.19386816025
7.38164901733
6.24868607521
6.68222618103
5.78239011765
5.9719619751
7.18751692772
6.07002496719
6.9936208725
7.58115100861
5.68236708641
6.67221808434
7.19109892845
5.58561205864
6.66875815392
8.18224811554
8.01280903816
8.69047093391
7.36164116859
8.66155600548
5.59289288521
10.2699790001
7.80776715279
6.76674604416
5.88027095795
5.80276083946
5.88186502457
6.27519798279
6.19909214973
5.67512893677
6.5875658989
5.98744297028
5.9840528965
8.27700304985
11.5393199921
5.95582699776
6.86589193344
7.60580587387
7.88194394112
5.89114499092
6.27390694618
9.2867000103
6.98430800438
6.12403392792
6.46730494499
8.18079304695
10.097121954
10.4870429039
6.69357395172
6.97563505173
6.08676218987
6.09493708611
5.075507164
7.39148592949
5.78940296173
6.29189109802
6.88037705421
6.98576784134
7.48795294762
6.08374404907
5.89745593071
8.09197998047
6.28912091255
6.38566493988
5.97996997833
5.88800978661
6.47212791443
7.80867981911
5.98658585548
6.68694996834
6.31363105774
5.7527821064
