Experiment Results
5.81688213348
5.30804395676
6.7049779892
5.92388296127
7.47936487198
6.30410408974
5.81769990921
5.16423821449
5.30409598351
5.80436015129
6.447742939
6.43954992294
5.80373597145
5.68792200089
5.61829710007
5.40254878998
5.90580797195
5.66529297829
5.25939083099
5.85763788223
6.00449299812
5.6976339817
6.26734089851
5.72325396538
7.81083893776
5.56482315063
5.82481598854
5.46875190735
5.42986297607
5.99352812767
8.00487399101
5.88370108604
9.92346000671
5.38252305984
7.69564294815
5.19138002396
9.67053508759
5.72117400169
5.76792001724
6.05561304092
9.38704109192
6.18534803391
6.14870095253
5.72666692734
6.43819689751
6.04637908936
5.72444796562
6.17136192322
5.350867033
5.7840359211
7.88135886192
5.9453561306
5.73707199097
5.95611596107
5.41939592361
5.22556114197
5.46517586708
5.96660590172
6.11732578278
5.42045593262
6.15942382812
5.73048901558
5.33073401451
6.23974299431
5.58937191963
7.41101789474
5.99282097816
5.98321318626
5.94233298302
5.35247802734
5.45011496544
5.45306396484
5.82939791679
5.56980514526
5.21239304543
5.86779594421
5.65758419037
5.61621284485
5.91725206375
5.43777298927
5.29079413414
5.24988889694
6.19247603416
6.08294701576
5.24844288826
5.9927649498
5.29938411713
5.29188895226
6.02887320518
5.77092599869
6.36270594597
5.91347312927
5.54216313362
5.56051301956
5.93428492546
5.96570491791
5.78128409386
5.99130702019
5.61602210999
5.40657997131
8.01370000839
5.60654115677
5.67324304581
5.78654289246
7.81937289238
5.60396313667
5.69626021385
5.80158090591
5.91080999374
5.95559692383
4.84615588188
5.27969098091
5.28622603416
7.72394609451
6.06996703148
5.59125804901
6.24743199348
4.8784301281
5.6942679882
6.25421404839
6.18438100815
5.75288295746
5.85203909874
5.74034881592
5.31317901611
6.98365402222
5.70957303047
5.31116604805
5.34792399406
5.0261619091
7.91057896614
5.79560399055
5.15974712372
5.59001088142
5.16118812561
5.36593484879
5.32638192177
6.26108908653
5.28881716728
6.04122495651
4.95184707642
9.23587298393
5.35705900192
5.03648519516
5.23654007912
5.85449695587
5.36528706551
6.75210213661
6.98105692863
5.58024597168
5.02915287018
5.50134992599
6.09746789932
5.60796403885
5.48831295967
7.99283409119
5.96818399429
7.42944598198
6.20872092247
5.49825787544
5.40648508072
5.78510785103
6.08306384087
5.81969404221
5.38051795959
5.81627583504
7.67773103714
5.51443815231
5.98296499252
5.18019390106
5.52468299866
5.80283403397
5.78629398346
5.39091515541
5.49001407623
6.71526408195
5.58510804176
5.31707692146
5.69994783401
4.950289011
5.48655986786
5.56194901466
5.20008182526
5.31099510193
5.58003115654
5.51683783531
6.37410306931
5.51235818863
4.69245100021
5.82662296295
5.72765088081
5.72396588326
5.70760011673
5.27812290192
6.30039191246
5.13279891014
5.38482904434
5.27881217003
6.60963892937
6.00061917305
5.20094013214
5.71235895157
5.88071084023
5.91138386726
5.71216893196
5.11110591888
5.07301902771
5.21749186516
5.58483505249
5.50546193123
5.30633115768
6.18511295319
5.2842540741
6.40505194664
5.77469801903
5.43840193748
5.77399897575
9.03340888023
5.49592113495
5.98789405823
7.90917897224
5.25452399254
8.11304688454
5.32017803192
5.07911491394
5.59466814995
7.08837509155
5.71840810776
5.40363788605
5.89303612709
5.40101695061
5.00673699379
5.46183919907
5.42113399506
6.10547614098
5.41002297401
8.90277290344
5.49447393417
5.66996192932
6.70522212982
5.77669620514
6.0154709816
5.90544104576
5.21725106239
6.08284187317
5.67472195625
5.5495121479
5.76876282692
5.07897305489
5.50962305069
5.81794095039
5.41299390793
6.00986886024
5.86039495468
5.43812513351
5.7343351841
5.69749999046
10.6961419582
5.36033296585
8.3572409153
7.91090798378
9.405408144
5.60113096237
6.33172011375
5.35573601723
5.29671406746
5.70815706253
6.21657705307
5.95634102821
5.1487300396
5.20086598396
5.96384716034
5.39268898964
5.68874192238
7.30734801292
5.93577098846
5.77237701416
6.08680701256
5.83341288567
6.00134992599
5.36145806313
5.8021838665
6.97432613373
5.41972708702
5.68872380257
5.57463502884
6.01706290245
5.67738103867
5.50455713272
6.07967495918
5.13696813583
5.49241113663
5.29620909691
5.89461803436
4.99599599838
5.57673883438
4.83162593842
5.57622694969
5.00436520576
8.49624013901
5.72278594971
5.29119300842
5.12783503532
5.55339288712
5.78152799606
5.50703191757
5.89294195175
5.41112303734
5.49820423126
5.40046596527
5.48955798149
5.22311997414
5.915102005
5.0773499012
5.76411581039
5.55494499207
5.98267412186
5.68365192413
5.49387598038
7.32485318184
4.77936697006
5.19641709328
5.90859103203
5.49069094658
5.40677690506
5.20418810844
5.13676905632
5.3815279007
5.66809797287
5.4662861824
5.32398796082
5.81457805634
5.27703905106
5.50735282898
5.79795885086
5.3001871109
5.7107231617
5.77260303497
4.90082597733
5.04607701302
6.28108000755
6.09248900414
5.38240504265
5.28837013245
5.60624694824
5.53097105026
6.46305298805
6.82458209991
5.28680682182
5.41012501717
6.18035292625
5.99893283844
5.51045203209
6.43061900139
5.0439748764
6.01615810394
5.61664104462
5.46049880981
5.90621900558
5.51862692833
5.81924414635
5.44330310822
6.05540084839
5.36267995834
5.68078899384
5.4954688549
5.5123090744
5.63437509537
5.58445191383
5.88576602936
4.71316194534
5.09366297722
5.65152096748
5.6190829277
5.89014196396
5.30411195755
5.50389194489
5.6050620079
5.31054401398
5.4106388092
10.1901710033
5.58623600006
5.80477595329
5.87604808807
5.51892995834
5.59320402145
5.26055407524
5.93433713913
6.17979979515
5.52831888199
6.70825791359
5.49198412895
5.40213918686
5.27493810654
5.90656709671
5.5064470768
5.46472501755
5.75457596779
5.36806917191
5.4116101265
5.48109197617
5.72009921074
5.77399396896
5.20108914375
4.99818205833
5.50287795067
5.51777100563
5.07110404968
5.12037086487
5.51569485664
6.28713417053
5.9149749279
5.66424489021
6.05669593811
5.55928492546
5.59320211411
5.66921806335
5.61849212646
5.00253200531
5.70681095123
5.55853199959
5.24553084373
5.87653112411
5.68621182442
5.09683203697
5.1807641983
5.20656108856
5.69685602188
5.94559001923
5.46422886848
6.31131386757
5.46655797958
5.0282959938
5.28224015236
5.48060107231
6.02528595924
6.23563814163
5.43377304077
5.47143912315
5.44930505753
5.79400014877
5.05389499664
5.11596703529
5.82828998566
5.05735993385
5.67814993858
5.29786014557
5.47602796555
4.80420398712
5.61702895164
5.28970813751
5.80644702911
5.98198699951
5.68914198875
5.32228899002
5.70387506485
5.59634709358
6.6125459671
4.98159313202
5.58823609352
5.39847183228
5.59466314316
5.09616518021
7.50886797905
5.60667300224
5.19157004356
5.90575289726
5.50115299225
7.59234404564
5.8907752037
5.706346035
6.20359015465
5.67508912086
5.32173800468
6.0723798275
5.30940198898
5.9171628952
5.79068303108
6.21196889877
6.76602005959
5.59846901894
6.70310497284
6.29373693466
5.92330408096
5.97184586525
8.30970001221
5.58204388618
6.21565914154
5.84907913208
6.03584718704
5.31772303581
5.69116592407
5.77942013741
5.62878799438
5.70667886734
7.120221138
5.69655108452
5.48249411583
5.45437502861
5.5901248455
5.96517682076
8.8453540802
5.47879004478
5.66044211388
5.65009188652
5.90288209915
5.57519102097
5.30325603485
5.86999201775
5.73648691177
5.98402810097
5.68935704231
5.06233906746
6.26565504074
5.6442129612
5.84795498848
5.68465185165
6.20753002167
5.70204782486
6.10895800591
5.68575811386
5.61856794357
5.37647986412
5.3966588974
5.10779500008
5.49507713318
5.33982086182
5.41081905365
5.62812185287
5.71271896362
5.60566401482
5.79222989082
5.78375601768
5.29997587204
5.4143269062
5.68845200539
5.49200582504
5.50343513489
5.22596001625
5.4859251976
4.90712690353
5.57500195503
5.31033802032
5.59566283226
5.30335998535
5.38932394981
5.89872908592
6.29544901848
5.59536504745
5.16469788551
5.54345011711
6.99057888985
5.29376602173
5.41141104698
5.2103908062
5.27687311172
5.6094288826
5.02034115791
5.66675400734
5.51449894905
5.4849820137
5.24101305008
5.4583029747
5.38718914986
5.0036740303
5.39448094368
5.30203413963
5.71395897865
5.56771111488
5.17478895187
5.65814399719
5.42572283745
6.25842213631
5.60216593742
5.53782010078
5.0061109066
5.13194608688
5.78292107582
5.95981192589
5.72815513611
5.78094100952
5.60311484337
5.20415401459
5.0416059494
5.62645101547
5.49720311165
5.48912620544
5.71719098091
5.20062589645
5.13986492157
6.15165996552
5.50859308243
5.51694512367
5.66517090797
5.90583610535
5.70420908928
5.5826561451
5.71581506729
4.91359400749
5.38756489754
