Experiment Results
1.8049519062
1.90059089661
1.9974770546
1.76251101494
1.70248484612
1.81393289566
1.78039288521
1.80725717545
1.70306777954
1.78589391708
1.90786910057
1.89166998863
1.79666996002
1.89478898048
1.80736017227
2.09206795692
1.81274485588
1.76708602905
1.82456421852
1.80931091309
1.78540802002
1.80642008781
1.68912005424
1.70230698586
1.70268297195
1.69124794006
1.80833721161
1.98612308502
1.80021715164
1.90746998787
1.78713798523
1.80215501785
1.89913010597
1.90442895889
1.79255318642
1.70708608627
1.6986989975
1.69976496696
1.69178104401
1.89333510399
1.78871703148
1.62196803093
1.78513813019
1.79947304726
1.68204593658
1.78491401672
1.80603003502
1.80206394196
1.8907289505
1.7990629673
1.86175012589
1.72218990326
1.7032699585
1.7792429924
1.78908014297
1.80723905563
1.58967399597
1.7065320015
1.69526600838
1.70299696922
1.79226303101
1.80431890488
1.82057905197
1.87055802345
1.90478515625
1.79247879982
1.77707695961
1.92629885674
1.69559311867
1.8154091835
1.75667405128
1.78553795815
1.81378102303
1.80743098259
1.78119397163
1.8140630722
1.69520521164
1.68108820915
1.81594204903
1.59623098373
1.69851994514
1.76596403122
1.72564411163
1.89834785461
1.79582500458
1.88483595848
1.8081138134
1.89898204803
1.70932078362
1.78993797302
1.70912194252
1.79755401611
1.90124893188
1.68816399574
1.68022012711
1.64479398727
1.71534800529
1.79791998863
1.80016112328
1.78370785713
1.80192112923
1.79788398743
1.7917470932
1.72078800201
1.79839611053
1.88492798805
1.99464488029
1.90038704872
1.81099295616
1.69835186005
1.89181804657
1.81026697159
1.88438391685
1.80025720596
1.69846796989
1.90470910072
1.70222806931
1.81148004532
1.77456307411
1.79497599602
1.80458498001
1.78962492943
1.89858913422
1.99446511269
2.00771212578
1.80320501328
1.79795408249
1.79264187813
1.69735980034
1.91493296623
1.7855219841
1.60250306129
1.80297112465
1.69323301315
1.79357886314
1.89275288582
1.90947413445
1.79377007484
1.80125999451
1.79944705963
1.79929709435
1.89582014084
1.79830098152
1.81244087219
1.77918219566
1.79785108566
1.83065986633
1.67859005928
1.69599986076
1.79614782333
1.79888987541
1.79416012764
1.7009780407
1.81769108772
1.87830495834
1.81418895721
1.77747392654
1.81387805939
1.89457988739
1.79351115227
1.8982000351
1.88916802406
1.80921006203
1.79513001442
1.80772089958
1.79062795639
1.70452189445
1.70414304733
1.88279509544
1.90155100822
1.80841994286
1.6984899044
1.78380489349
1.81306099892
1.81469798088
1.77802300453
1.90002012253
1.80497789383
1.89469003677
1.88093805313
1.91932010651
1.80992293358
1.6756670475
1.81539392471
1.87704491615
1.70245289803
1.70615100861
1.68812823296
1.79942011833
1.79860711098
1.8026099205
1.80678391457
1.78478288651
1.70098185539
1.80475687981
1.8931210041
1.79787611961
1.69884300232
1.89721918106
1.87818002701
1.9171898365
1.79848694801
1.70532512665
1.79331684113
1.7079641819
1.91040897369
1.67459988594
1.90318393707
1.72553515434
1.76680493355
1.70728898048
1.70351099968
1.89452505112
1.78941202164
1.79577803612
1.91218614578
1.78955078125
1.89785909653
1.79620814323
1.69671583176
1.80484890938
1.70662593842
1.79031610489
1.70320796967
1.78852295876
1.90280389786
1.79525899887
1.80053019524
1.89701414108
1.90545678139
1.90312480927
1.68789219856
1.8978509903
1.79766988754
1.80982899666
1.59829187393
1.78690814972
1.80122709274
1.81879997253
1.69106078148
1.69516897202
1.79940795898
1.69875121117
1.79259490967
1.79943990707
1.89744901657
1.88352704048
1.80216002464
1.9226770401
1.77646803856
1.80216598511
1.70035099983
1.79763484001
1.78741979599
1.90574812889
2.0159881115
1.80541801453
1.80483913422
1.67931103706
1.79458403587
1.70254206657
1.89284610748
1.80175113678
1.82729697227
1.76681303978
1.79604506493
1.89225888252
1.60559391975
1.7958920002
1.80975103378
1.81322908401
1.6818459034
1.88830804825
1.89813017845
1.89931297302
1.90059900284
1.80244398117
1.79736089706
1.87304115295
1.91891884804
1.79576277733
1.71115899086
1.69085097313
1.77570319176
1.79667186737
1.89335894585
1.81094384193
1.89295291901
1.77083301544
1.70025491714
1.80615305901
1.88190102577
1.61832594872
1.78807210922
1.70499897003
1.88015508652
1.80342316628
1.79683279991
1.81266689301
1.78682684898
1.81082987785
1.78794407845
1.79615497589
1.79323601723
1.70081400871
1.81224179268
1.89700603485
2.02666091919
1.77786207199
1.88952589035
1.80422782898
1.88487195969
2.00315499306
1.79748392105
1.80002093315
1.72178816795
1.78634190559
1.78575587273
1.82309412956
1.67545890808
1.89473485947
1.80903315544
1.79403185844
1.80107688904
1.70137190819
1.78962802887
1.90302300453
1.70482516289
1.79156208038
1.80388402939
1.88829398155
1.8098950386
1.81271696091
1.7811460495
1.88877797127
1.80224394798
1.90796399117
1.78290510178
1.79059505463
1.91301393509
1.69793701172
1.79820609093
1.90083813667
1.72772693634
1.77222490311
1.89721894264
1.80815315247
1.79600906372
1.69773411751
1.80870079994
1.78604197502
1.8920519352
2.0281560421
1.76922297478
1.81192302704
1.80900883675
1.77595210075
1.82519507408
1.7783870697
1.70458912849
1.68815207481
1.76563215256
1.82875299454
1.67611098289
1.78910303116
1.79919505119
1.70782995224
1.8039958477
1.88392305374
1.80528998375
1.69229507446
1.79947495461
1.90198707581
1.92819285393
1.8908059597
1.88009095192
1.66808009148
1.79984712601
1.7951130867
1.89450407028
1.90388202667
1.70453500748
1.69809508324
1.76544213295
1.73416996002
1.78452110291
1.81169700623
1.81801199913
1.79045915604
1.68605208397
1.81733489037
1.76960706711
1.89098501205
1.71379709244
1.7929148674
1.82236790657
1.76050305367
1.91608905792
1.79830789566
1.8943529129
1.69686698914
1.8996860981
1.80680513382
1.80115318298
1.78851008415
1.79974985123
1.80513501167
1.6852581501
1.69686198235
1.71145200729
1.79159593582
1.70860409737
1.7865998745
1.89616394043
1.82924008369
1.66983890533
1.70014405251
1.80126404762
1.80937385559
1.696652174
1.78684997559
1.83697080612
1.87127900124
1.78940105438
1.80870199203
1.88865590096
1.92359399796
1.86879277229
1.70074510574
1.80583405495
1.79782891273
1.80424499512
1.78861689568
1.89952206612
1.79836010933
1.79995703697
1.89353084564
1.70408701897
1.79273104668
1.79529500008
1.80413508415
1.69886207581
1.79956793785
2.00904607773
1.69461798668
1.78551006317
1.71198701859
1.71645092964
1.67493700981
1.90650892258
1.88673496246
1.80075001717
1.79898691177
1.76297187805
1.89921307564
1.70957589149
1.88835000992
1.79762291908
1.80820202827
2.0178000927
1.76900601387
1.79591298103
2.00073504448
1.99847507477
1.79785490036
1.79652714729
1.81407499313
1.81177401543
1.69647097588
1.77818393707
1.89592599869
1.71135282516
1.68398189545
1.90079116821
1.81030702591
1.7822201252
1.80531787872
1.80075788498
1.89102697372
1.82799386978
1.87486886978
1.79839920998
1.79400920868
1.70891690254
1.80068683624
1.68014097214
1.78969502449
1.76690816879
1.80964303017
1.98298597336
1.82054209709
1.88112211227
1.710105896
1.78685092926
1.81006002426
1.88725090027
1.91198301315
1.78628492355
1.71113586426
1.78238201141
1.7820930481
1.78356099129
1.79992294312
1.79915094376
1.80623102188
1.78974080086
1.81143784523
1.69624185562
1.78959989548
1.80871200562
1.78170990944
1.80211305618
1.79536890984
1.8074388504
1.81083488464
1.98084712029
1.79853415489
1.79761195183
1.82708001137
1.76934099197
2.00930309296
1.88860678673
1.90659689903
1.5971570015
1.98703193665
1.81628608704
1.80046415329
1.66453099251
1.93971014023
1.9667069912
1.80925107002
1.69305086136
1.90479803085
1.80753898621
1.78682994843
1.90513491631
1.98928308487
1.90663981438
1.8961160183
1.89385795593
1.8746368885
1.89805912971
1.89772605896
1.80126190186
1.79537010193
2.02014613152
1.88934397697
1.97848701477
1.90609693527
1.76621985435
2.00944399834
1.78319001198
1.81691098213
1.78383183479
1.80432987213
1.89336109161
1.9007871151
1.80009579659
1.89280605316
1.79613304138
1.90706992149
1.89094901085
1.80102801323
1.91762518883
1.77776408195
1.89952397346
1.90029191971
1.79643297195
1.89850497246
1.80699205399
1.78531289101
1.8998939991
1.80007100105
1.62388205528
1.68525195122
1.88815307617
1.79571700096
1.93247103691
1.87021398544
1.88930010796
1.71317911148
1.68815207481
1.70982503891
1.90346693993
1.9855530262
2.03176212311
1.86277103424
1.90918779373
1.88343405724
1.90691113472
1.89961194992
1.80427718163
1.98734211922
1.69916582108
1.89367794991
1.70817399025
1.80562496185
1.88309597969
1.90878009796
1.80131316185
