Experiment Results
4.23396992683
3.92480421066
4.52793979645
5.4410700798
7.16343688965
4.36375594139
4.04478001595
4.07155990601
7.27039504051
7.88054895401
4.28964805603
5.94450712204
4.57285308838
3.97561097145
4.97051906586
5.07497215271
3.87934613228
3.76359605789
9.68405008316
4.16967010498
4.18812298775
4.18739891052
5.35318088531
6.10041499138
3.64478898048
5.28010702133
5.50022220612
5.65036487579
3.97938418388
4.38697195053
5.71298909187
4.33969211578
3.88905405998
6.46783494949
4.18124508858
6.36661601067
4.20378994942
4.27447104454
4.68218803406
3.97837400436
4.50693893433
9.07557892799
4.15980601311
5.51207184792
5.07301783562
4.36228990555
3.88383483887
5.61251401901
4.15367007256
4.10942101479
4.46039509773
3.78483295441
6.09101605415
11.158187151
7.01395010948
4.70101904869
3.66717505455
4.98281693459
3.78086590767
10.2920849323
8.79711914062
8.07363605499
7.4827940464
3.8301949501
4.0423438549
7.28948092461
4.69393110275
5.48295402527
6.70491099358
6.17455792427
6.77774715424
4.60141301155
4.71533489227
3.88683509827
6.34433412552
6.31360006332
4.86391711235
3.92971205711
5.3519449234
3.98532605171
3.82820391655
8.05004787445
6.80615997314
4.80001115799
7.06859111786
4.77817392349
4.39377903938
7.03656601906
7.64820599556
9.21065497398
3.86501407623
8.98878312111
4.80327796936
3.86961603165
4.39397287369
6.58576107025
8.58305120468
6.82019495964
9.04943394661
4.51866698265
14.0915598869
4.61737704277
4.33457303047
6.75456881523
6.37247395515
4.94148921967
6.17120194435
7.86160612106
9.8755698204
8.06802201271
7.07449412346
4.57929086685
5.55802798271
9.08204889297
6.66443514824
9.078332901
5.16894316673
5.71977686882
5.29651403427
4.48721003532
6.86612296104
9.0712211132
6.07955479622
8.68224287033
11.4790520668
4.17047095299
8.56825304031
6.1778280735
9.10483884811
6.55923295021
5.78220486641
5.86482715607
4.80141592026
5.45767712593
6.57894396782
4.7702858448
4.29697585106
3.97789812088
6.47828817368
4.18012690544
12.2878928185
4.29474496841
9.2639169693
10.8766191006
10.3921449184
6.07424688339
6.68442893028
8.98894500732
4.48633980751
6.37485909462
4.20791196823
3.87138700485
8.38766098022
7.60232400894
5.16325497627
7.11474108696
5.061825037
6.97591590881
8.58204102516
5.18999505043
6.61636519432
4.46944499016
6.87651991844
6.69959497452
4.78456401825
4.509567976
4.14865589142
3.92717289925
6.45149707794
3.98697400093
4.08865404129
4.11640000343
3.66597914696
3.88513302803
5.38203501701
4.90909481049
3.86661195755
4.61191797256
7.17196202278
3.98823595047
3.89163804054
5.27670288086
4.29072117805
3.8953640461
4.20943903923
5.79519987106
4.05486798286
5.68658304214
3.69973707199
5.39254713058
8.67530107498
6.19453191757
6.36894202232
3.59305691719
4.68891906738
4.59178519249
7.58492708206
6.80124592781
6.57668685913
4.3994538784
8.09493923187
6.13174891472
7.6234869957
6.96408987045
15.2727069855
6.04263496399
8.25250220299
4.66463899612
5.58164191246
9.37461495399
4.25675415993
5.47910499573
4.45900511742
4.47920703888
5.27376198769
6.884308815
7.57653307915
5.96078395844
6.67135810852
7.60080909729
3.65677809715
3.96800398827
4.07618117332
5.064702034
4.41998791695
4.24180698395
5.77697992325
6.7811191082
6.37887501717
5.66985797882
5.97099399567
5.58647489548
8.21798491478
6.94884610176
5.77272295952
4.62167692184
4.543186903
4.67822885513
6.6010761261
6.26144313812
4.48054909706
4.68755793571
3.70415711403
7.54603791237
6.59145784378
6.3636238575
4.70180296898
5.7907640934
13.2809729576
5.01119589806
5.75476908684
4.17836713791
6.90422296524
4.38253712654
5.50096201897
6.85392999649
5.78364610672
6.79997491837
3.98245596886
5.09265804291
6.99197387695
4.66274118423
4.69207906723
8.29268503189
4.08608794212
3.9889228344
11.1997749805
5.17715382576
8.68316102028
8.38010501862
6.79132795334
4.18319511414
7.09192609787
4.0891520977
4.18357992172
4.00432395935
4.08694291115
3.67258691788
4.68985009193
5.18783402443
4.92717885971
4.83718919754
8.50193405151
6.18625593185
4.19906616211
6.47481489182
9.48940396309
6.82630300522
5.76547694206
5.87433719635
4.03828287125
6.18635487556
5.26444506645
4.25726103783
6.48878788948
8.38596391678
4.30655908585
6.51002407074
6.35063886642
8.02257609367
4.67510700226
5.81774401665
9.23616504669
6.74292016029
9.26325511932
5.36911892891
8.46515893936
5.46790409088
6.96285390854
10.0855870247
4.0616350174
8.39303708076
4.3245677948
4.69206500053
4.5780518055
6.35249114037
4.9732170105
4.07689595222
6.4966340065
5.65280008316
6.9737329483
4.58430194855
7.56380701065
4.36986899376
7.31934714317
3.83989191055
6.37355804443
6.27883887291
9.31198692322
5.6390349865
4.6853120327
4.39939689636
7.45813703537
4.68805813789
6.25806093216
6.38056707382
5.30035996437
8.87912487984
4.38850593567
3.99134707451
6.46776390076
3.97455906868
7.38789582253
9.79930710793
5.85944104195
7.49025797844
5.47723698616
8.78807997704
4.28037691116
7.78761219978
4.879956007
6.10628890991
8.48452401161
4.36623501778
4.28136610985
4.08787584305
3.88551211357
4.41085410118
9.58491611481
9.4682571888
6.9005188942
4.07625603676
3.98657298088
4.84371304512
5.92916083336
5.48418998718
3.89146494865
4.26849603653
8.11750888824
7.66216301918
6.10924196243
4.28501105309
9.2738070488
6.08943605423
9.97616910934
9.19469594955
6.4756128788
10.0863158703
6.49239301682
3.90548014641
4.07485103607
4.29170703888
3.88155293465
4.50672197342
6.87031388283
5.41370415688
7.73223400116
5.74263215065
4.36813187599
3.70475888252
3.96955895424
5.18859004974
11.1891219616
9.19128012657
4.99652695656
4.4693748951
5.99733495712
4.08704209328
3.98895192146
4.28839993477
7.81316304207
5.11827206612
8.93882608414
5.94858598709
5.0739979744
6.35378098488
9.65284800529
7.28338980675
8.26471400261
4.56386685371
5.76524376869
5.57438397408
5.37383413315
4.98882818222
5.95757484436
4.19077396393
4.25392413139
3.87679100037
5.87582182884
7.27827000618
5.58487892151
6.56577897072
4.68096899986
7.37050509453
5.10399007797
4.34585404396
8.7049601078
6.34577894211
8.4809589386
5.97718310356
4.08038306236
11.477586031
5.08752989769
5.06130886078
3.87475705147
7.39647507668
4.6773378849
5.48125386238
6.07989811897
7.00801301003
10.7672231197
4.59717607498
4.45823001862
9.48314094543
6.17337489128
5.78731703758
6.08073592186
5.78806805611
4.57833194733
8.58375287056
4.19029188156
6.16905403137
22.7986209393
6.56910800934
3.79348301888
8.91330385208
7.76331686974
13.208548069
8.27155399323
4.58264493942
4.08667612076
6.99740695953
6.97348999977
4.28776097298
3.66949987411
4.59994888306
3.98330307007
4.29275202751
4.07803988457
4.1930129528
3.60328197479
7.46741914749
5.07891106606
5.30489206314
8.77587294579
5.98750591278
3.97770404816
6.51381206512
4.17463493347
3.78689694405
3.98913097382
8.79244303703
6.78246092796
10.8923609257
5.48180985451
5.70684599876
4.9838540554
5.58109402657
5.1876180172
4.39032196999
7.78675484657
5.28882098198
4.48629784584
9.68923306465
7.40776896477
5.75400686264
6.80202698708
5.98022079468
6.99741101265
3.88756084442
5.11232089996
6.61682200432
5.55162000656
8.54325890541
4.44354701042
4.08401298523
4.91450595856
5.16457414627
5.16786909103
8.59487199783
7.69741201401
8.72325515747
4.67789196968
4.06513404846
5.67141604424
8.38076996803
5.36590909958
6.6855931282
4.3633620739
5.68063998222
7.10330414772
5.74657082558
7.0705370903
9.48987197876
6.27090597153
4.46600604057
4.86780500412
4.96336293221
4.08863210678
7.58244800568
4.2759039402
8.98583197594
6.77528786659
4.87660002708
6.37501811981
6.41462421417
4.55299901962
4.10345602036
6.5602619648
4.69159698486
5.37709403038
4.47384405136
5.37734699249
10.0842289925
13.9967648983
4.59651708603
5.15524101257
5.48642420769
4.19373393059
4.17721009254
4.48999905586
6.67390608788
4.98648810387
4.19820809364
4.27069306374
4.49911808968
4.57987904549
4.38019800186
5.52880191803
8.84313201904
6.77910780907
4.24942803383
4.53621196747
5.18281888962
4.78523206711
9.08852481842
4.48478507996
4.6085050106
3.96847915649
8.28919100761
5.39462995529
7.31352519989
9.45988297462
5.77576303482
8.69179487228
10.0246770382
6.25865912437
4.28751993179
4.3056678772
3.77176690102
6.09257316589
6.1037209034
5.85910606384
7.3871409893
5.30876207352
8.77665305138
5.79346990585
5.3811609745
4.3995950222
4.08001208305
4.79972195625
4.16963291168
4.49265789986
7.46245908737
5.12963581085
6.30104899406
5.76164722443
5.58347797394
3.90996599197
5.37642002106
