Experiment Results
8.31727099419
6.88961195946
8.72618818283
7.92886614799
7.39784407616
10.672326088
7.93668889999
9.28769493103
11.3562967777
9.9642970562
11.6725680828
7.20075392723
11.54383111
9.57885408401
9.97133111954
10.8704109192
7.83069705963
9.60682797432
19.0748488903
7.37085199356
7.29493021965
12.5671310425
17.2363319397
7.31568598747
9.16819500923
16.8756120205
8.7756049633
17.9773771763
13.4767730236
16.8863458633
12.7829329967
8.76470184326
18.0834298134
14.7777409554
15.1886348724
7.37813711166
13.7974610329
10.0621759892
18.3761730194
15.2966988087
14.4709970951
11.0851659775
10.6725380421
8.0675971508
7.52871894836
9.15084695816
7.90065693855
8.30086183548
8.45218801498
6.57795214653
17.3116140366
6.77441287041
13.0735490322
12.8823671341
12.4978640079
13.2775838375
7.19828295708
11.9773890972
18.9745080471
15.479834795
16.8096859455
10.1599669456
9.68437409401
16.0909800529
12.4828350544
14.6592948437
14.0153131485
21.0201950073
7.75760793686
16.6886558533
19.8003880978
14.9832780361
7.97167110443
12.2148711681
15.9731709957
18.9048910141
13.0636849403
19.7218580246
16.9645299911
18.2778601646
18.3189251423
9.82140803337
9.82545614243
16.2938389778
9.37731695175
11.6867780685
7.19248819351
17.5974860191
10.1858539581
13.6859838963
12.9746768475
9.1093890667
18.8701899052
7.89924693108
20.1845059395
10.5987119675
10.2906618118
10.6697969437
17.7282819748
16.2786240578
12.6741640568
9.12718605995
10.9283227921
9.55957198143
12.4283468723
13.9982559681
19.0463080406
7.97486281395
13.1693539619
13.3377420902
13.3951370716
8.18199682236
11.8643260002
11.6717300415
17.2836720943
12.1658070087
13.9728519917
10.6923999786
14.3759598732
12.2690451145
11.661301136
9.58286094666
6.7584540844
17.9923069477
13.1903188229
17.8547291756
13.6704618931
7.77629995346
12.6865239143
11.6697719097
17.2476089001
8.72711491585
8.98000693321
15.4665780067
9.67107796669
10.6790089607
13.4853579998
10.3798508644
15.9892499447
17.8132410049
16.7592160702
7.4824860096
13.4650890827
7.4772799015
11.691215992
8.86885786057
14.5868709087
12.5053489208
7.85755205154
13.1095709801
6.96269702911
12.9587659836
11.4234611988
7.76597595215
16.607968092
9.76153087616
10.2900838852
11.0010039806
17.07528615
9.59329199791
18.4774620533
11.3909568787
14.7823369503
12.7971348763
8.87450695038
12.0862538815
18.1845209599
10.2177259922
15.0809390545
17.5879511833
8.75950312614
13.8919808865
12.6791269779
7.37267184258
9.79647898674
18.1033859253
10.2058308125
10.033023119
8.42485189438
6.98509097099
14.0913879871
17.1780571938
13.4991321564
17.7788321972
18.9975159168
13.3128418922
7.65118384361
16.9960441589
17.6799850464
12.9984240532
8.58023619652
7.89199399948
11.5818631649
7.39569091797
10.4876019955
19.9891037941
13.889950037
16.2007861137
9.27336096764
10.8253719807
9.97830915451
16.9266889095
17.1325759888
21.84435606
8.85954904556
6.76568007469
11.5745608807
17.5554919243
13.068475008
12.1693902016
9.5719230175
12.1760950089
8.27373099327
13.8720269203
12.5885670185
7.745043993
10.2730910778
11.4773390293
15.284537077
17.6643259525
15.0069730282
15.2390930653
19.7986810207
8.25284290314
18.1548628807
8.49532198906
9.40294408798
13.7553160191
12.7773389816
14.6738729477
8.98183012009
12.6477389336
11.5335202217
15.555462122
9.06401991844
10.0066311359
7.16529417038
19.3911650181
10.9732010365
9.825715065
19.6185650826
17.6039788723
7.18910193443
16.876003027
8.49483895302
7.26017594337
7.58040904999
8.58879208565
12.3890480995
12.7617731094
12.1112179756
9.87400698662
8.44198489189
7.22967910767
11.1120240688
9.96911907196
9.07569813728
9.38586091995
11.2945489883
14.2967610359
11.0941660404
17.5806839466
8.46856999397
10.8858780861
6.89502596855
9.99126887321
10.075676918
11.2967021465
8.87437295914
9.38902497292
18.1034359932
12.3693509102
10.3852779865
7.19430112839
10.082103014
14.5232739449
14.5574519634
10.7849440575
8.39811897278
9.57860612869
11.9014818668
10.7841808796
8.57578492165
7.39580082893
13.8837871552
9.89218306541
10.3863949776
11.2988419533
10.1702980995
8.19295287132
10.7904598713
9.19214105606
14.481167078
12.0183758736
7.23039603233
13.3218510151
8.50211596489
18.2422599792
9.41395020485
13.003909111
8.60145688057
12.1365439892
13.4168469906
7.74845290184
11.0666251183
8.65874385834
16.4544830322
10.4687030315
8.39010000229
11.3561420441
16.8777880669
8.53242897987
9.3034029007
9.6593978405
9.58415985107
7.36597895622
7.57270789146
15.6824450493
11.2875590324
8.14888000488
7.60537791252
8.44572210312
12.6818938255
10.8707399368
13.7504870892
11.0030901432
9.37870192528
18.2733280659
8.97095394135
12.7894568443
8.40784788132
15.9403760433
10.7839431763
7.77657794952
10.4762661457
8.1830470562
14.8846268654
14.9806308746
8.27763485909
8.88642787933
11.2779970169
7.87671303749
8.98811507225
18.4671709538
10.8951070309
17.6941120625
6.8722012043
14.4839830399
11.0817990303
15.793473959
10.2751581669
8.79045820236
8.9730989933
7.98612999916
9.08520889282
11.677875042
10.2930941582
9.38836312294
11.083343029
10.592523098
17.2862999439
8.38402700424
10.5826070309
10.2023599148
11.7725100517
7.18512392044
15.6871771812
8.29068303108
9.60238385201
10.6755900383
8.98149204254
14.6035859585
13.8989140987
7.16102409363
11.4912040234
12.7930169106
7.87265610695
7.8824031353
8.23052597046
9.76460599899
11.8927230835
7.44925093651
9.21017789841
15.2896749973
13.7071540356
11.7748978138
8.78363800049
9.88870596886
14.5605149269
7.95663785934
7.84815096855
8.98910593987
10.3881928921
8.79767894745
13.2851331234
13.8022761345
10.6688652039
11.8885300159
9.68680000305
11.0987348557
13.7022321224
15.3247599602
15.2417140007
13.1536381245
15.0657141209
8.1401488781
9.93185997009
8.41280794144
12.2612771988
13.9894990921
18.6581640244
9.26874089241
8.06320619583
8.89504504204
7.85180997849
7.37377715111
13.1745741367
11.9801640511
9.87015986443
7.48429608345
10.8636758327
17.1791598797
7.46670293808
11.1732218266
10.5809230804
14.1765408516
10.6692690849
8.5054268837
12.6697609425
9.05447983742
8.43575382233
8.42015004158
10.0843560696
8.69707202911
8.85580897331
8.38772296906
7.58489584923
10.8834550381
10.8867440224
10.7646410465
13.5984470844
7.76637983322
7.88475584984
11.3777029514
9.78438210487
20.4116771221
8.48616981506
13.3516149521
12.9840881824
12.3792190552
7.42760491371
15.861358881
7.56308507919
13.6972010136
11.9276490211
7.12844610214
8.49158000946
12.2845320702
9.19774889946
8.68106794357
16.989068985
8.18552112579
8.38242101669
11.9874620438
10.1020851135
7.98737096786
20.3167300224
14.973747015
9.33721280098
15.2181420326
10.7857029438
7.79149889946
8.1779718399
7.38695788383
7.87848901749
7.70338392258
12.1724379063
8.52206993103
7.55608797073
14.2958579063
7.29630804062
15.8778729439
16.9549779892
10.3321471214
10.5891940594
7.98388814926
8.08076715469
7.50299191475
7.18325304985
7.49566102028
7.99709200859
10.4816770554
7.46983504295
7.08797216415
8.39238286018
9.99204993248
8.18247485161
20.5022530556
10.5757520199
10.7982490063
9.21238303185
11.9194409847
11.1348199844
13.7719810009
9.6408700943
10.5591299534
7.74954986572
7.85425615311
12.1837007999
9.97489500046
12.1735949516
13.3743059635
11.2490100861
10.0768768787
6.98683905602
8.25708603859
14.5136680603
8.52134799957
14.0070521832
11.6580879688
8.67303586006
9.87614393234
7.47267699242
7.57140803337
12.7864849567
7.88383388519
8.96848416328
7.30769586563
9.57879900932
14.2500600815
8.80061602592
8.94877886772
14.0785589218
6.97878813744
11.2230780125
11.1414999962
10.3942101002
8.7699201107
8.67107510567
12.2962338924
11.1731510162
12.6929199696
13.8690271378
18.3762080669
19.587487936
9.97538495064
12.7830841541
9.00136303902
8.05677080154
7.39086794853
8.89318203926
12.0859720707
7.27399802208
11.5943808556
11.1768939495
12.9885239601
8.59458899498
10.0853481293
14.1894948483
7.97380495071
23.0862309933
8.98708987236
12.8862810135
17.4822599888
13.9926099777
8.47813296318
10.6279039383
8.68392491341
14.3701751232
15.577434063
7.81220698357
7.25161910057
9.21526002884
8.26339912415
16.0906581879
8.68369412422
7.88537502289
11.8902201653
19.1925289631
9.08462905884
13.4959330559
10.0903789997
14.817800045
10.241866827
13.9206531048
13.6591870785
13.6874010563
14.1881220341
7.59450101852
9.98403906822
15.3895561695
11.9912109375
7.77975511551
7.2213640213
14.2640450001
12.488656044
10.4184789658
12.255106926
22.6046729088
9.6777408123
