Experiment Results
2.24284505844
1.72022604942
2.03140616417
2.03297805786
3.03830003738
1.76716089249
2.14324593544
1.68462491035
1.85796093941
1.97005105019
2.06287407875
1.80175495148
2.14458799362
1.97412800789
1.68207001686
2.07898187637
1.67929506302
2.0822160244
1.77246880531
1.74439907074
1.92906093597
1.94176387787
1.76608204842
2.29607391357
1.75450205803
1.57799291611
1.69660902023
1.76622104645
1.80989289284
2.13287186623
1.9817199707
2.016299963
1.93211388588
2.10824680328
2.08990287781
1.68112707138
1.68677186966
1.76398086548
1.64687609673
2.10154604912
1.88676404953
1.86457514763
1.98136091232
1.77502393723
1.98853707314
2.0065510273
1.88735890388
1.76635289192
1.87392616272
1.89418911934
1.98809885979
1.87496900558
1.58718013763
1.90481281281
1.96457982063
1.98837804794
1.88060593605
1.59361219406
1.69022202492
1.62031292915
1.65658998489
1.68619394302
1.77795004845
1.78291487694
1.68213796616
1.68922901154
2.38249015808
1.89354896545
1.88034915924
1.88648796082
1.59250092506
1.98755192757
1.98242998123
1.79621005058
2.00225400925
2.06880187988
2.09630894661
2.09604501724
1.87258601189
1.89466905594
1.59647297859
1.86879992485
1.88518095016
1.50308799744
1.88833498955
1.79683995247
1.96932411194
1.8135240078
1.47406101227
1.68592190742
1.78971004486
1.80172300339
1.89305186272
1.86431908607
1.80621290207
1.87107801437
1.8856780529
1.90776705742
1.88787317276
1.85925078392
2.42232608795
2.11562395096
2.33615016937
2.35179686546
1.8524210453
2.46111106873
1.8342859745
1.87474894524
1.96750712395
1.90576291084
1.93152117729
1.97881507874
2.06739497185
1.87629199028
1.96787309647
1.9939661026
1.95721101761
3.07880616188
1.68222212791
1.76394510269
1.99368596077
2.15345907211
1.6837220192
1.96697020531
2.0754430294
1.67578101158
1.69308710098
1.8533039093
1.89363312721
2.17222094536
5.40941405296
2.04996490479
1.96793889999
2.09056210518
1.86666989326
1.79190206528
1.88416385651
1.89933395386
2.16073703766
3.47316789627
4.1093108654
1.69230079651
2.95918607712
1.69710206985
1.86162400246
2.17237210274
1.88030219078
3.18455004692
2.53618597984
2.24432611465
1.89218902588
1.85887694359
2.5107729435
2.35185599327
1.79603886604
2.19130706787
2.27852702141
1.51553297043
2.17367315292
2.26832914352
2.58674788475
1.88298010826
1.97730302811
3.28812098503
2.1913869381
1.69188404083
2.99787282944
1.98512506485
4.27771615982
1.79682898521
1.97345805168
1.79159998894
1.68285107613
1.68950796127
1.88821697235
1.98930215836
2.00823712349
1.47236013412
1.62584614754
1.93976283073
1.90365719795
1.87647914886
1.895622015
1.77933716774
1.81842589378
1.77786684036
1.57525396347
1.70097613335
2.2916829586
1.98344802856
1.57721614838
1.68021988869
1.90046691895
1.58694887161
2.00431084633
2.17711400986
2.50527691841
3.88334107399
4.56918787956
2.20016098022
3.84057092667
2.17923283577
2.54415607452
3.75342082977
4.165569067
2.33612918854
4.07867193222
1.87917399406
2.8360979557
2.57866501808
2.16216087341
2.98725700378
1.87942290306
2.37873601913
2.57828021049
2.58708786964
2.43568491936
2.16917681694
1.68613815308
3.46193385124
2.47866892815
2.28189206123
2.57415604591
2.67345190048
1.87583518028
1.97977590561
1.86773514748
1.80671286583
2.44965791702
2.77401185036
6.87714099884
4.79798293114
2.36034107208
1.88202404976
2.00741195679
1.94918990135
1.78643894196
1.97889304161
1.48782515526
3.3006541729
3.66970586777
1.66435194016
2.16973400116
1.49294400215
1.69719696045
2.67020606995
2.97649502754
4.68256211281
1.99671387672
1.87299585342
2.1080930233
1.68722200394
1.86199593544
2.6855430603
1.78632903099
2.98818993568
1.6925201416
1.77423501015
1.79583907127
2.29186892509
2.60129117966
2.19126296043
1.75720906258
1.97105383873
1.73857498169
2.0566110611
3.47390294075
2.40959000587
3.97019600868
3.58327102661
2.19658899307
4.27247905731
2.10315990448
1.57456612587
3.50838708878
2.27276802063
2.64107489586
2.63474488258
6.39143514633
1.98964309692
1.87152695656
1.70356607437
1.67224812508
1.72594594955
1.8611330986
2.81506109238
2.05577898026
1.7054040432
1.97314786911
2.59619688988
4.22034192085
2.47221899033
2.37061691284
2.68007707596
2.20951199532
2.89937996864
2.20673489571
3.4522330761
2.97854685783
2.00547599792
5.10747909546
3.13287997246
2.99129581451
4.77730917931
2.70028090477
1.9276778698
3.7524600029
2.65364718437
2.06012701988
3.27906608582
3.87177491188
2.77967905998
1.78615999222
1.85051703453
2.08995604515
1.65165901184
2.14005208015
2.10718393326
1.78053617477
1.97614502907
1.76808381081
2.21569013596
4.34012889862
2.99511194229
3.97079801559
3.77789092064
1.8527610302
1.69534778595
1.96243405342
2.19068789482
6.54374504089
2.91605997086
2.18010807037
2.18681406975
1.86398696899
1.88065385818
1.99763894081
1.6817510128
3.68538498878
4.66854500771
5.39636087418
2.15897512436
3.18656301498
2.50980401039
2.4778418541
3.04494094849
2.26061320305
3.21687912941
1.57798790932
2.60510206223
2.50761818886
2.24483895302
3.09138011932
3.13684797287
2.21219491959
3.54677414894
5.37163305283
3.33657884598
2.05582213402
5.69423294067
2.9663438797
1.69253993034
2.228992939
1.74129486084
2.90254187584
2.78497600555
3.06193399429
5.89936709404
2.07641792297
4.42132210732
4.06096696854
1.69608902931
2.57687997818
2.49571299553
2.08760619164
3.48780298233
3.78595304489
2.19370007515
5.37831020355
2.08458709717
2.79552292824
2.38874197006
1.88981795311
1.79023909569
2.781072855
3.30048704147
2.07796907425
1.78784513474
1.60463500023
3.09156513214
2.23992705345
2.41657495499
2.82184100151
1.8851749897
2.79078197479
2.19668388367
3.17241311073
2.27708911896
1.91188383102
1.65818500519
2.81883907318
3.01553702354
3.56283211708
2.92863082886
3.25140380859
2.88797998428
3.53496003151
3.48255610466
3.06496095657
1.95705604553
1.88533902168
1.87181615829
1.85168600082
1.81341218948
3.64063000679
2.51173901558
4.03905081749
2.27167105675
5.90201115608
3.3556201458
2.87281990051
3.27944588661
2.96443605423
2.16503190994
3.58262109756
1.90189218521
2.67172908783
3.55843997002
3.38723111153
2.56979203224
6.48026800156
2.11114001274
1.91413402557
1.92330884933
2.06903886795
1.98391294479
1.68207097054
1.58950376511
2.06438994408
2.81556510925
2.44544196129
1.58987784386
2.3686671257
3.48040795326
1.70882415771
1.86648106575
1.982681036
3.9987859726
2.1658539772
2.42507195473
1.99121904373
1.8661210537
2.58590602875
3.16491484642
3.58129501343
2.78256511688
3.79647707939
1.88221621513
2.29749703407
3.89462399483
2.2691180706
3.08134293556
1.99008393288
4.38212680817
2.18371510506
2.39292001724
2.28968405724
5.18157196045
8.89154291153
2.37365889549
2.60143494606
2.91402196884
2.09023308754
1.85690712929
1.69564700127
2.0824379921
1.68535709381
1.90195608139
1.87502884865
1.89006614685
1.79436206818
1.88197588921
2.52698421478
1.75117492676
2.39539909363
2.0770509243
5.29970383644
2.37240505219
5.90353488922
2.4798719883
1.99005794525
2.30577683449
3.11259412766
2.14812588692
3.17562198639
2.01051688194
4.08850288391
2.79949402809
1.66752481461
3.51106595993
3.90025901794
3.53646993637
4.72664117813
2.54589700699
8.38185596466
2.34091806412
2.00441408157
4.43666791916
2.23328900337
1.88724398613
3.7472782135
3.26426506042
5.17965316772
2.86585211754
1.59157705307
2.9667198658
3.3250169754
4.20939207077
5.69650411606
3.47686195374
1.76357603073
1.83663797379
2.09865689278
1.87498402596
2.68347716331
3.80260109901
2.45703101158
1.89090204239
5.36367678642
4.27160310745
4.37037110329
2.6892209053
2.87379908562
2.59117102623
2.30759978294
2.43911290169
2.28514003754
2.08392500877
2.99889302254
4.19188404083
4.76992201805
1.98325204849
3.47226500511
3.1997859478
1.87676787376
1.88628697395
4.60872197151
3.15406703949
2.47268390656
1.97779512405
1.9961578846
2.79015302658
3.07738280296
3.91584801674
2.44282698631
2.19813203812
2.9644241333
4.40743803978
2.28714895248
2.47992706299
2.48865890503
2.3873269558
2.38670992851
8.12340497971
3.64908599854
3.71313905716
2.35916304588
4.38474798203
2.28403401375
2.98584508896
2.7920999527
8.39821004868
1.77751779556
1.88755106926
2.92183017731
3.19146990776
2.45732307434
2.79436802864
3.18135714531
1.93068695068
1.73537898064
2.01908397675
2.87096190453
2.70647096634
3.66683101654
3.68917584419
1.98747801781
2.97598600388
3.19650197029
2.18491697311
3.23322200775
2.64983081818
3.49909591675
1.78766393661
2.07959794998
1.99413394928
1.99725699425
2.58836388588
2.86849689484
2.90752196312
