Experiment Results
5.25656104088
5.85820198059
5.33301901817
6.05381417274
5.78334021568
4.87838816643
5.70344805717
5.9944870472
4.98035693169
5.98383593559
5.33124709129
5.28086709976
10.0646531582
5.81442308426
4.84536314011
4.89360618591
6.83024501801
6.28207802773
5.47028398514
5.59617090225
5.75441408157
5.66641187668
6.39852499962
5.79914593697
5.34258389473
4.96231794357
5.38119411469
8.29884195328
5.08385396004
8.6585931778
11.8778650761
5.56258797646
5.50821495056
5.524766922
6.54326581955
5.35087513924
5.58332800865
9.48165297508
4.87937498093
6.71767187119
7.25846910477
5.58979582787
5.3540160656
4.59100294113
5.99975299835
5.17992901802
5.34381198883
6.12382817268
4.95670294762
5.79926514626
5.68025708199
11.9905838966
5.67228007317
8.44023299217
4.94183516502
4.78154587746
6.09766411781
6.51248383522
8.26126098633
5.75741815567
6.39582300186
9.49515795708
12.7066020966
4.95013308525
5.38018608093
4.80640792847
5.39717483521
5.48742699623
5.41080307961
5.55168390274
4.99557995796
9.68337702751
4.93050885201
5.13972616196
4.9045779705
5.17281293869
5.10476899147
5.25815415382
5.49012112617
5.99346804619
6.12585186958
4.88315010071
6.07319188118
6.9049141407
6.0925719738
5.30394506454
5.51994299889
6.25734996796
5.45543193817
5.11711406708
7.13557887077
5.87674999237
5.08917808533
9.41524004936
5.37409901619
5.49780488014
9.78403902054
5.43358588219
5.84571504593
5.69593906403
13.0082468987
8.31489801407
6.53160691261
20.4092259407
10.9048960209
5.19404292107
7.20680093765
5.49548196793
5.98405122757
6.58467197418
5.1246919632
6.43126511574
5.63990998268
5.30224585533
9.12839698792
4.90225315094
6.73044991493
8.32808709145
19.7866699696
5.21163606644
5.47703099251
5.10461902618
5.16912293434
5.37852621078
5.77051496506
5.65586400032
8.68429899216
5.40480995178
5.47345995903
5.4107170105
5.35574197769
11.3377459049
5.28915691376
5.30103993416
10.5537700653
20.2687561512
8.63249206543
6.31165003777
21.6255481243
7.04695010185
5.34112787247
5.13217401505
11.1860840321
6.14940500259
5.70947003365
6.71375203133
7.97099494934
11.3215410709
5.019094944
4.87840104103
5.78611207008
21.5872769356
5.67866802216
4.75737905502
5.09397912025
6.06406497955
5.14424490929
4.94797301292
5.68216395378
5.26172995567
5.41518306732
6.01140618324
7.49080109596
5.97002315521
5.38192605972
5.18699884415
13.3868198395
17.5979690552
7.25130701065
17.3354809284
7.7674100399
5.56932902336
5.20180583
5.27811789513
7.20355701447
5.67031121254
5.64575004578
6.15320110321
5.25697493553
24.9951860905
13.7710678577
6.70903611183
6.29106497765
10.3510360718
5.25134992599
6.18684697151
15.0836310387
26.4780900478
5.77476596832
5.90363121033
20.8186159134
5.58579111099
5.04023718834
6.59704303741
5.08060908318
5.50778913498
5.38403606415
8.78808999062
4.97283005714
5.88614392281
5.6347079277
6.41157913208
21.6545469761
22.5328240395
5.55437088013
5.42126202583
5.69379210472
6.49120903015
5.74022388458
7.39450788498
6.16690707207
5.35728120804
6.17065691948
5.37344884872
8.49857807159
5.54776406288
5.59012794495
5.48018288612
18.2869188786
7.54452204704
4.97131991386
5.18923616409
5.28200912476
7.76718688011
5.37661194801
5.42036700249
6.91224503517
5.29131817818
7.02033805847
5.30601000786
5.58773088455
5.29402685165
5.4952340126
8.06745696068
17.0731909275
7.2748169899
6.57763600349
5.26374006271
7.10744905472
7.67736196518
6.78103685379
7.07232618332
6.48426413536
5.5710401535
5.30350995064
13.9822480679
7.17198109627
6.01047611237
10.8729259968
5.62466716766
5.33656406403
24.2475340366
5.81765580177
6.2213101387
5.71769618988
5.41108489037
5.48642706871
20.2850759029
5.72977900505
6.05118513107
6.308562994
20.200165987
6.14688801765
24.957105875
5.20198607445
5.38661980629
7.11677289009
5.91569900513
5.37793207169
6.3547668457
22.8940629959
5.37302088737
5.1738960743
5.89831709862
5.88818907738
6.35176682472
5.52497887611
5.4070391655
6.97050499916
22.6989979744
5.30628204346
5.0530359745
4.98691701889
5.58199000359
5.62949109077
5.07636404037
5.76180410385
4.87894105911
5.42331314087
5.41355991364
5.1539080143
5.0758368969
7.30548000336
5.19136190414
4.97440195084
14.2124569416
6.06388092041
5.61150217056
4.78061509132
5.27952194214
5.73013710976
5.50968003273
5.63994884491
7.23824000359
6.50836992264
5.57851910591
13.710695982
7.80623602867
6.50547003746
6.4071419239
6.27083587646
6.56462407112
5.26807689667
5.28371500969
5.15756201744
6.87390899658
5.86053609848
5.42939090729
5.55088686943
6.7487552166
6.65063405037
5.34325313568
5.61394500732
7.216588974
6.75272607803
6.06570696831
5.06892204285
6.0849070549
29.2793319225
7.67141699791
6.40488982201
28.5506830215
7.78652691841
5.56866693497
15.6489720345
28.621680975
5.69316506386
4.98286795616
5.17083382607
20.6068840027
7.8315820694
6.50122213364
5.8918159008
6.09339094162
27.3602688313
7.10680818558
9.75728917122
29.8869829178
5.2731461525
5.21570205688
5.52184391022
5.72145104408
4.57487010956
6.03144717216
43.5918879509
24.2559158802
7.76764893532
23.1081559658
6.78331208229
25.9509861469
5.91533017159
8.272742033
6.39912700653
5.48941707611
42.1021828651
6.85189008713
42.8154780865
22.5215899944
6.05386996269
6.87790489197
6.99726390839
6.5783867836
6.58102583885
5.29034900665
5.99618721008
4.86345505714
5.86103796959
7.13643121719
7.1768989563
18.964949131
7.87793707848
5.13795399666
5.47012686729
6.20599603653
16.6584310532
6.01157999039
6.49281096458
6.81333804131
5.6493241787
5.31207609177
8.0160048008
5.67073392868
5.07887792587
8.77668404579
6.08243703842
53.1927530766
8.01541280746
10.4861819744
5.19551301003
5.99074697495
7.17829108238
6.33395695686
10.1338181496
6.07336306572
6.11526703835
6.37482690811
6.90550112724
13.8327960968
6.52312803268
22.6207511425
6.54983997345
8.74723386765
7.78334188461
6.68492078781
5.25389909744
23.7813439369
19.8397629261
8.31862807274
30.5608727932
12.0655298233
5.81481218338
9.99487900734
6.15832591057
5.62795710564
7.59885215759
6.75125408173
5.39103198051
7.95940709114
7.70971703529
7.50482392311
7.92994093895
7.46687889099
8.31970310211
6.53528809547
11.046916008
7.31979608536
6.57760906219
5.98463511467
5.27860713005
8.49467897415
5.96411514282
5.61309289932
5.05399394035
5.36925697327
4.89139604568
5.47877693176
5.28653788567
18.8954761028
22.5136499405
7.55018305779
5.97181987762
5.18878102303
5.98652887344
5.98679208755
24.9272680283
6.0646469593
5.1261279583
4.81744194031
5.32501101494
5.39421486855
6.39600992203
5.23776316643
5.52618408203
4.94716405869
5.49890398979
4.77620100975
5.39294910431
5.09174013138
5.5301361084
5.2329518795
6.0927028656
5.69089508057
5.48019099236
6.19430613518
5.05353093147
5.80761313438
5.25608491898
6.04826712608
6.07525491714
5.3338239193
5.05076789856
5.48313903809
6.07231712341
6.99212193489
30.5952219963
6.41605997086
5.2615249157
5.07991886139
9.68517589569
5.22605800629
5.05545282364
4.91780209541
5.5635740757
6.37679195404
5.72880101204
5.56474685669
5.9797949791
5.61125302315
5.22882986069
5.14727282524
5.98075890541
7.9260699749
5.25927615166
12.2614729404
5.05834007263
8.32278490067
5.87790703773
5.95665502548
5.57774782181
6.78544807434
5.44047188759
6.06955194473
5.83132600784
8.23940396309
18.5586149693
5.45973706245
5.51195001602
5.79781413078
8.53079414368
7.00646805763
6.20104598999
5.00478315353
6.76941800117
6.27746415138
8.20677781105
4.93868279457
6.75786495209
8.84881615639
5.37200903893
10.5236558914
9.19738221169
14.086055994
5.30842685699
7.74908804893
6.28041195869
10.1711511612
26.9073028564
5.15714788437
5.91209483147
5.17698979378
7.29069805145
5.23107504845
5.59470009804
5.61639809608
4.84902787209
5.48576402664
5.0773088932
10.7089231014
4.75665903091
5.20620989799
5.40901494026
6.73325395584
7.99447917938
5.18465614319
5.39606714249
4.97143697739
5.51234579086
6.19938898087
20.1655721664
7.09681010246
6.76007986069
6.3788459301
6.60451579094
7.17478013039
26.6887850761
21.3219439983
13.1165759563
5.51994013786
25.6071941853
5.64760112762
8.71668481827
8.41199707985
5.84863591194
5.53256678581
24.2766969204
8.15749192238
7.38777089119
6.108273983
4.86427998543
5.98687314987
5.38981890678
9.37312412262
5.330037117
5.8144929409
5.97147202492
7.77532482147
5.86124587059
5.41175699234
11.1148200035
5.58077812195
6.46764397621
7.01073098183
5.2634871006
5.48643493652
6.9882850647
6.08163809776
5.08371210098
5.81839489937
5.96103906631
5.22321009636
