Experiment Results
6.3626499176
6.85637307167
6.21461296082
5.08291912079
5.89821505547
5.52736997604
5.87184596062
5.72000408173
5.45468497276
5.51834702492
5.78415298462
5.21096682549
5.2047700882
5.18884992599
5.28536891937
5.58198404312
5.41146087646
5.4178788662
5.7936861515
6.40012717247
5.49151396751
5.16339993477
5.27198886871
5.74792909622
4.93159604073
5.26780486107
5.5976998806
5.43974995613
5.26107597351
6.00755500793
8.30283904076
5.60818600655
5.39776206017
5.28590703011
5.10301303864
5.5164129734
5.01270198822
5.3799059391
6.07454395294
5.04557704926
5.36519408226
5.20602202415
5.87901902199
5.52569413185
5.27121090889
5.20629501343
5.59138202667
5.62368392944
5.59509682655
5.49393701553
5.4477930069
5.60736489296
5.52778697014
5.59156394005
5.42891597748
5.77502393723
5.23921203613
5.37987399101
5.59683418274
5.3843460083
4.73544096947
5.57668590546
4.78251194954
5.38969302177
5.60283684731
5.59515810013
5.79772090912
6.50454497337
5.29059004784
5.31272506714
5.30374002457
5.68716979027
5.209608078
5.06108212471
5.60825896263
5.02893304825
5.5848839283
5.19300818443
5.46330499649
5.33044600487
5.28685498238
5.92544293404
5.65339803696
5.61652207375
5.92493104935
5.58531999588
5.55824995041
5.7290661335
6.98627400398
5.30440592766
5.29360103607
5.91991901398
5.18451976776
5.90237283707
5.50458312035
5.50834417343
6.2674741745
5.90143203735
5.79414105415
5.40748786926
5.29570198059
5.59578704834
5.79698491096
5.99481010437
5.40115904808
6.30422019958
6.30822277069
5.6730029583
5.70432710648
5.79219794273
5.03440189362
5.56111693382
5.91367602348
5.58912706375
6.52187800407
5.50351405144
5.47509598732
5.80424690247
5.38187289238
5.50193500519
5.10429286957
5.40394616127
5.60947608948
5.09454584122
6.00054717064
5.90844988823
5.97409009933
5.50219511986
5.78891396523
6.07314610481
6.33733987808
5.3095638752
5.77991008759
5.78340291977
5.61496806145
4.901293993
6.00464200974
5.58288288116
6.89280891418
5.31601595879
5.66255187988
5.53986907005
5.30816984177
5.77648997307
5.49991488457
5.81145882607
5.69397091866
5.30503201485
6.08997607231
5.89242005348
5.78447794914
5.94338202477
6.16939496994
5.08959102631
5.04627394676
5.25510001183
5.32362890244
6.78988814354
5.40708494186
5.71759080887
4.72823786736
5.09546613693
5.60142588615
5.39295887947
6.61319208145
5.29918003082
5.48385310173
6.49940800667
5.79473495483
5.21657800674
5.78825092316
6.98657512665
5.60347080231
5.69351696968
6.21228909492
5.70140194893
5.69280791283
5.10951209068
5.87282705307
5.11173892021
5.0905418396
5.364538908
5.45468115807
5.46638894081
5.38538384438
5.04373002052
6.13326001167
6.20041298866
5.74068212509
5.21138596535
5.69682192802
6.00987792015
6.29145288467
6.49185299873
7.587911129
5.5087659359
4.34179496765
5.34558415413
5.61064815521
6.50232791901
5.99521303177
7.21777200699
5.78679013252
5.3927218914
6.49511313438
10.6111819744
6.30978894234
5.96874904633
5.10222101212
5.71017503738
7.95401000977
5.82070612907
5.7200319767
5.18974995613
7.39779901505
5.30431485176
5.41229009628
5.21386599541
5.8726811409
5.48949790001
7.85259389877
6.18561506271
5.67022418976
5.001557827
5.36992502213
5.92147493362
5.5957710743
5.3893699646
5.81011605263
5.58238697052
5.50354099274
5.50760912895
6.29938101768
6.30490899086
5.99936795235
5.06321716309
5.94096112251
5.46670007706
5.91041398048
4.90549588203
5.87769317627
5.30557799339
5.2815618515
5.26575398445
5.34399199486
5.91266512871
5.60161399841
5.85831999779
5.91509699821
5.61857700348
6.07059288025
5.41214108467
5.87429404259
5.35940313339
5.60078001022
5.20453906059
5.35644292831
6.16949105263
5.35458612442
5.81345915794
5.53736281395
5.75116109848
6.1725859642
5.10738897324
6.69391393661
5.29835891724
5.30824804306
5.49457001686
5.79864311218
5.69474196434
5.91407704353
5.58927893639
6.70071697235
8.59439086914
5.29124879837
5.87424898148
5.39102196693
6.10896587372
5.50719094276
5.40350103378
5.57602000237
5.28670716286
6.00841188431
5.63993906975
5.56016397476
5.6018037796
5.92863893509
7.10012578964
5.57511401176
5.95210409164
5.42325997353
5.70927500725
5.38618588448
5.42694592476
5.77653598785
6.06265091896
5.84257602692
5.44857501984
5.7258450985
5.80522990227
6.28632497787
5.54004502296
7.32401394844
5.58212995529
5.78131484985
4.95959615707
5.25531315804
5.69623184204
5.86772584915
5.72503709793
5.39847803116
8.38298988342
5.70669007301
5.48481893539
5.22916293144
6.36920905113
6.41336989403
5.68207812309
5.00093507767
4.98548698425
5.7036960125
6.44828796387
5.5403740406
6.03713607788
5.81334400177
5.57880806923
5.37988686562
5.66256809235
5.63753914833
5.31189608574
5.80897521973
5.19059896469
5.00067996979
5.296656847
4.88371491432
5.54883503914
5.45431804657
5.80214595795
6.08467316628
5.26090598106
5.32414698601
5.78074789047
5.316010952
5.39576482773
5.23296618462
5.96154808998
5.29412603378
6.03168702126
6.01464796066
5.2163131237
5.36830496788
5.52715492249
5.69877719879
6.7290289402
5.47502994537
5.70328187943
5.30170607567
5.77869296074
5.71769213676
5.57286596298
5.49177384377
5.49243593216
5.50330400467
5.6841750145
6.29307413101
5.41980409622
5.99428701401
6.05527591705
5.53814387321
6.31002497673
5.60412812233
5.58819103241
5.2954890728
5.60130810738
5.4586751461
5.12293410301
6.47610211372
5.43232393265
5.79506897926
5.20623397827
6.70342803001
5.07490301132
6.21523785591
5.1986989975
5.49747300148
6.60328602791
5.9965429306
5.65071702003
5.94945311546
5.49672794342
5.79528999329
5.5822520256
5.69969511032
5.31248807907
5.47341799736
6.8851480484
5.22435212135
5.21549201012
5.35157012939
6.40267920494
5.5895190239
5.89486002922
5.72949695587
5.08722710609
6.03248500824
6.25690984726
5.36125707626
6.05224299431
5.49525094032
5.40020895004
5.88376402855
5.30239200592
8.11217403412
4.9818880558
5.4827299118
5.67060399055
6.03831005096
5.97476005554
6.25806498528
5.41833782196
5.63739395142
5.57456016541
5.40203785896
5.80970096588
5.50204491615
5.38026714325
5.21368193626
8.18985390663
5.70081186295
4.8056409359
5.41703796387
6.27121496201
5.38577795029
5.4146399498
5.4801030159
5.21340203285
5.90652084351
5.68072915077
5.73723006248
5.4645550251
5.71151900291
5.31281590462
5.56295204163
6.00358915329
5.84942007065
5.75195097923
5.41235899925
5.61465501785
5.57344698906
5.60805511475
5.47754597664
6.13230204582
5.66811680794
5.69555211067
5.70952987671
5.69683098793
4.88279604912
5.40951514244
5.22523117065
5.47848200798
5.88083314896
5.21242904663
5.63668394089
5.5663599968
5.75617694855
5.02102899551
5.57891702652
5.30454111099
5.6042098999
5.47535419464
5.11220693588
5.21874094009
5.39713311195
5.47759604454
5.29238390923
5.46594190598
5.03944015503
5.90254116058
5.64209198952
5.48041296005
5.16425991058
5.89881801605
5.52065896988
6.04751300812
5.34137916565
5.68960809708
5.6444208622
5.54245519638
5.30561518669
5.4877550602
5.97247505188
5.33204889297
5.59870004654
5.91728615761
5.82579398155
6.35385894775
5.71326494217
4.98704099655
5.62020301819
6.70440578461
5.1769490242
5.49965000153
5.13856887817
5.55618000031
6.39374113083
6.10387587547
5.29578590393
5.62576603889
5.96865391731
5.18245005608
5.42323899269
5.25565385818
5.1588101387
5.87241506577
5.51661586761
5.54095482826
4.91235995293
5.52340579033
6.53286790848
5.66496491432
5.81361103058
5.1316318512
5.15242600441
5.97946190834
5.22570514679
5.29190397263
5.50890922546
6.30154109001
5.08496308327
4.89494299889
5.30616092682
4.98949193954
5.46140193939
5.32294201851
5.11570501328
5.30555415154
5.98977804184
5.79717993736
5.40134596825
5.40497398376
5.60210609436
5.62245488167
5.5716650486
6.10694789886
5.79792785645
5.80454993248
5.57931995392
6.85378503799
5.32254981995
5.16672992706
5.05085110664
6.40146899223
5.80031013489
7.1053621769
5.00623512268
5.91862201691
5.96812701225
5.69381403923
5.0047390461
5.48143410683
5.4055891037
5.08482003212
5.21794986725
5.69962906837
5.3589758873
5.43752193451
7.05762982368
5.68585896492
5.70092082024
5.29591703415
4.80735182762
5.29492616653
5.1060860157
6.01746797562
5.39347505569
5.10812902451
5.57281589508
5.51621389389
4.90792107582
6.1348259449
5.75604200363
5.51045513153
5.57532405853
6.51883196831
5.04321503639
5.15641903877
5.48093318939
6.30855107307
5.59739398956
6.29709410667
5.70576715469
5.29219007492
5.09610199928
5.38134884834
5.51741600037
5.90642595291
6.29000902176
5.57916402817
5.32596302032
5.6943089962
