Experiment Results
1.08865809441
0.900180101395
1.30822205544
1.20364403725
1.0823059082
0.982510089874
1.08251690865
1.29922699928
1.09569692612
1.00730609894
1.30076599121
1.10022592545
1.20035815239
1.08939886093
1.12242603302
0.977509975433
1.09731793404
1.20062494278
1.09945678711
0.9962849617
1.2924618721
1.21444702148
1.22116804123
1.28197288513
1.09334397316
1.29280900955
1.30395793915
0.987750053406
1.09691596031
1.21180391312
0.987427949905
0.997530937195
1.10551714897
1.10477805138
1.19683694839
1.18754291534
1.10479593277
1.09731578827
1.10249590874
1.29379487038
0.995602846146
1.10703206062
1.0167222023
0.975539922714
1.30538582802
1.19661092758
1.53397512436
1.25492310524
1.30557894707
1.10073804855
1.19358801842
1.24129796028
1.19418621063
1.3699760437
1.19182610512
1.09584903717
1.32681798935
1.07376694679
1.2012219429
1.3978998661
1.29785919189
1.23103499413
1.18340492249
1.18131303787
1.12156200409
1.17755103111
1.1987349987
1.30141401291
1.39759302139
0.993408918381
1.31132698059
1.21852183342
1.04231786728
1.12111377716
1.07189702988
0.907726049423
1.1911611557
1.29733586311
1.20798301697
1.11767697334
1.27135109901
1.20057916641
1.09578514099
1.14450097084
1.06628608704
1.28764915466
1.12245988846
1.17448592186
1.21382188797
1.0902929306
1.18840003014
1.21151685715
1.11216402054
1.28098893166
1.29844093323
1.19681620598
1.09908914566
1.12376093864
1.18551492691
1.08661389351
1.32001590729
1.07435798645
1.09529399872
1.0999341011
1.30448102951
1.31805109978
1.41259002686
1.05850291252
1.00552296638
1.19573497772
1.33557319641
1.26776909828
1.19169092178
1.19827413559
1.0144238472
1.18085813522
1.30085492134
1.01198577881
1.48624587059
1.30912017822
1.01980400085
1.06379985809
1.20180416107
1.19955182076
1.03318810463
1.26399302483
1.10194897652
1.09403181076
1.09887981415
1.23804783821
1.21404004097
1.24150705338
1.20246887207
1.10426211357
1.10821700096
1.19542717934
1.08709287643
1.09663200378
1.28065991402
1.35878205299
1.20450305939
1.1504778862
1.20282793045
1.29440999031
1.09742379189
1.19961714745
1.10231685638
1.19599294662
1.01430296898
1.09650111198
1.08364892006
1.13526105881
1.20023584366
1.16468596458
0.998110055923
1.09853482246
1.40197300911
1.19139289856
1.02070498466
1.17492508888
1.20885801315
1.09204983711
1.19834804535
1.19943284988
1.02667117119
1.17391896248
1.30203986168
1.29598903656
1.39654898643
1.09454417229
1.11520004272
0.893431186676
1.08933782578
1.0017747879
1.09330701828
1.19855594635
1.23559093475
1.17271590233
1.18267989159
1.00301218033
1.20180296898
1.09266805649
1.20700788498
1.11518883705
1.27421712875
1.19742012024
1.24305510521
1.26861906052
1.12087106705
1.18159604073
1.10158205032
1.18092489243
1.20602893829
1.20068097115
1.38689613342
0.999573945999
1.09769821167
1.10859012604
1.39928817749
1.19347190857
1.09203600883
1.10294985771
1.1959130764
1.11692881584
1.07505297661
1.20331001282
1.49549102783
1.1148378849
1.29412293434
1.29434704781
1.19681596756
1.09685516357
1.00861597061
1.19100785255
1.1262948513
1.39702105522
0.983138084412
1.28637719154
1.09898686409
1.10230207443
1.20780205727
1.50023698807
0.887736082077
1.39568901062
1.00433397293
1.39791202545
1.19489908218
1.00005888939
1.41988801956
1.07034397125
1.20770716667
0.998538970947
1.22416877747
1.17712283134
1.29573702812
1.28164076805
1.00480389595
1.28638100624
1.20409584045
1.00804781914
1.18921017647
1.41561102867
1.18303489685
1.19796395302
0.995887994766
1.10679602623
1.29005694389
1.21416401863
1.18772697449
1.40266990662
1.1932349205
1.19754886627
1.40549182892
1.09915113449
1.39403486252
1.19673585892
1.10028290749
1.29873204231
1.09381699562
1.2952580452
1.10298013687
1.20560383797
1.39953899384
1.10879087448
1.08142590523
1.09961080551
1.00653982162
1.19000911713
1.33910894394
1.16319108009
1.09386205673
1.19454503059
1.30199193954
1.21519994736
1.09767317772
1.18739080429
1.19375491142
1.00478792191
1.31843900681
1.18411111832
1.21514296532
1.17105388641
1.20070815086
1.08900499344
1.10197710991
1.20144414902
1.39993286133
1.10028815269
1.11027121544
1.28565502167
1.19665718079
1.21941518784
1.08105492592
1.00091910362
1.18887996674
1.21106910706
1.09502387047
1.49625706673
0.995387077332
1.32152199745
1.29428696632
0.978682041168
1.19924998283
1.10351920128
1.20798993111
1.38931202888
1.20669817924
1.19301509857
1.10646510124
1.31410098076
1.30920982361
1.25997900963
1.22586297989
1.1730890274
1.23569488525
1.07095098495
1.28539323807
1.31320905685
1.3948199749
1.02023291588
1.31095695496
1.2557349205
1.20288109779
1.20164394379
1.29887604713
1.0023560524
1.19242191315
1.01544308662
1.07535600662
1.22256684303
1.38514304161
1.29355502129
1.01033496857
1.4331381321
1.15870904922
1.30176901817
1.18917798996
1.1987361908
1.20358610153
1.17654800415
1.2887377739
1.09979391098
1.21137309074
1.28357601166
1.10314106941
1.11563491821
1.27768301964
1.10659003258
1.39571213722
1.20332813263
1.29027795792
1.51185512543
1.29056310654
1.29226207733
1.30855298042
1.26419115067
1.19156503677
1.19572997093
1.30135297775
1.1970500946
1.20705604553
1.19545388222
0.994888067245
1.03746390343
1.16431593895
1.19610691071
0.998757123947
1.0953938961
1.22007608414
0.989012956619
1.10756492615
1.08510804176
1.29530906677
1.09642505646
1.52949380875
1.27444195747
1.20142698288
1.0998301506
1.30604600906
1.18411183357
1.19689202309
1.12951087952
1.48663711548
1.30085301399
0.994871854782
1.18529391289
0.909457921982
1.18431210518
1.10769605637
1.09603095055
1.10689401627
1.20727992058
1.17555403709
1.11004018784
1.20144104958
1.18630599976
1.30529308319
1.12099194527
1.07555484772
1.30058598518
1.08350610733
1.2104139328
1.30506086349
1.18816399574
1.02482008934
1.17677903175
1.29603886604
1.1986079216
1.20531201363
1.19344687462
1.19972801208
1.10113191605
1.20361709595
0.908133029938
1.17781400681
1.11029100418
0.994802951813
1.41300106049
0.973623037338
1.20328402519
1.19687104225
1.20304393768
1.09963488579
1.42077207565
1.18750882149
1.18615484238
1.09604096413
1.39906597137
1.10482406616
1.19072508812
1.10040187836
1.01285600662
1.10914802551
1.07457304001
1.31089615822
1.28729391098
0.995553970337
1.09594607353
1.20702815056
1.42040109634
0.974056959152
1.23157501221
1.36852288246
1.09805202484
1.09830999374
1.30369901657
1.18919086456
0.925698041916
1.26937389374
1.21144795418
1.29164409637
1.1943500042
1.00203204155
0.898094892502
1.39462900162
1.00058603287
1.39836597443
1.22860598564
1.16754198074
1.25448894501
1.1453139782
1.30371499062
1.18992090225
1.22144007683
1.19774007797
1.37643003464
1.30463814735
1.19520902634
1.39984798431
1.11733913422
1.08999204636
0.999094009399
1.3155579567
1.06970500946
1.00799608231
1.29306697845
1.09447383881
1.09615588188
1.23020887375
1.37846302986
1.08712792397
1.41821599007
1.07633805275
1.20453500748
1.29495406151
0.969315052032
1.2919921875
1.30513906479
1.29626011848
1.00557494164
1.18974804878
1.19890189171
1.17015504837
1.307046175
0.986984968185
1.1168820858
1.28196001053
1.20547199249
1.29530405998
1.19887399673
1.30296587944
1.09490895271
1.32425308228
1.10040903091
0.966704845428
1.33421206474
1.0693230629
1.30568790436
1.28674912453
1.21008300781
1.0938539505
1.20095396042
1.09190011024
0.994756937027
1.29687595367
1.30154299736
1.11132192612
1.18874311447
1.10254311562
1.10672307014
1.18598508835
1.19858717918
1.29768490791
1.19889497757
0.998564958572
1.17935705185
1.42276000977
1.19002914429
1.20203399658
1.19868683815
1.202491045
1.1350839138
1.15904283524
1.10130691528
1.09467887878
1.29791903496
1.69614100456
1.0097899437
1.30450606346
1.28420114517
1.09811997414
1.14521598816
1.26274394989
1.19014310837
1.03346896172
1.2794380188
1.08857011795
1.49735188484
1.23053908348
0.981922864914
1.28236293793
1.21047282219
1.10878109932
1.47984814644
1.29693603516
1.19497108459
1.1057870388
0.994134187698
0.998420953751
1.10500407219
1.30080103874
1.19220995903
1.29755592346
1.23589301109
1.07740688324
1.07759904861
1.31027793884
1.38759708405
1.40555286407
1.49744105339
1.19807505608
1.29628491402
1.32617807388
1.17390799522
0.998643159866
1.21443009377
1.08302998543
1.29447007179
1.39906287193
1.10150313377
1.33662390709
1.36084794998
1.13905310631
1.36194610596
1.19229197502
1.30366396904
1.09967899323
1.09903311729
1.20231795311
1.5003759861
1.10484695435
1.18269991875
1.29717803001
1.14087700844
1.06627893448
1.30064702034
1.20621299744
1.13002419472
1.15405201912
1.11594700813
