Experiment Results
3.69119000435
3.39730000496
4.20336413383
3.29405498505
3.89017796516
3.31176900864
3.38526201248
3.8316988945
3.50556707382
3.28965091705
3.42317795753
3.56563591957
3.50854587555
3.70582008362
3.580960989
3.257158041
4.30550098419
3.98746299744
3.05054402351
3.53869104385
3.44684910774
3.40368890762
3.69129991531
3.6009581089
3.40539598465
3.68631505966
3.39911699295
3.57596611977
3.39209294319
3.29074001312
3.94024705887
3.50062799454
3.29041099548
3.51201987267
3.49848985672
3.78942012787
3.6038839817
3.39278388023
3.3987300396
3.50232386589
3.6748919487
2.89742279053
3.49236679077
3.23948216438
3.30012178421
3.38938593864
3.37188100815
3.49838089943
3.20449304581
3.40023088455
3.59174919128
3.49539399147
3.29782891273
3.49637293816
3.68046283722
3.28408002853
3.69756698608
3.28587794304
3.34721207619
3.60264110565
3.49206709862
3.39135098457
3.5122628212
3.55273985863
3.43135213852
3.6998860836
3.31913900375
3.45414805412
4.21345210075
3.47024106979
3.42211890221
3.42729902267
3.38911986351
3.90580701828
3.29554390907
3.38858699799
3.47372508049
3.72842502594
3.47265481949
3.1893889904
3.5260720253
3.11298489571
3.38375306129
3.3053689003
3.1935210228
3.22043085098
3.59043478966
3.4779920578
3.57383608818
3.40225887299
3.36871194839
3.20782995224
3.09805583954
3.36995601654
3.1305270195
5.10653495789
2.906509161
3.49082398415
3.30195093155
3.77373504639
3.23838090897
3.41137480736
3.44337296486
3.19787597656
3.20996713638
3.12629580498
3.39852499962
3.21008706093
3.59662103653
3.31934499741
3.56938815117
3.28349304199
3.42504096031
3.28999590874
3.39979887009
3.77997708321
3.31229186058
3.37404203415
3.32479596138
3.49541497231
3.57315397263
3.4820959568
3.40502309799
3.47442913055
3.34090304375
3.49990701675
3.46873211861
3.44601798058
3.48855996132
3.71389579773
3.42937707901
3.19792914391
4.16293501854
3.6593170166
3.39856410027
3.60885310173
3.72336101532
3.46742105484
3.31059002876
3.58428001404
3.31719899178
3.64566016197
3.38714122772
4.47900104523
3.4640879631
3.38935399055
3.40143108368
3.31786799431
3.89999699593
4.05265402794
3.3072271347
3.48745512962
3.30634617805
3.69646501541
3.3957669735
3.211977005
3.29318499565
3.18254685402
3.31107282639
3.49745893478
3.3081870079
3.59292006493
3.39447307587
3.3932299614
3.11397194862
3.80621290207
3.38081407547
3.39517903328
3.50440311432
3.39303183556
3.30653095245
4.89685702324
3.59457397461
3.27659201622
3.22610712051
3.15932297707
3.1450240612
3.1073589325
4.18089699745
3.10302615166
3.09535503387
3.28460502625
3.31002116203
3.3986492157
3.30159807205
3.48763799667
4.60675001144
3.29557013512
3.18547701836
3.2153699398
3.19569206238
3.19298410416
3.29795217514
3.90141487122
3.19481897354
3.28917789459
3.3222990036
3.2786090374
3.21124815941
3.3839969635
3.43683099747
3.3526198864
3.2902431488
3.28995299339
3.41495585442
3.47949099541
3.11028599739
3.19528698921
3.31003594398
3.36655497551
3.31810498238
3.01069307327
3.17578983307
3.43817591667
3.18043494225
3.16056489944
3.18866801262
3.50529098511
2.89635920525
3.30679798126
3.69217896461
3.46026206017
3.31996297836
3.38523483276
3.20849108696
3.39180588722
3.48081111908
3.38472294807
3.228069067
3.41132688522
3.65096092224
3.12635016441
3.19836115837
3.41807603836
3.26505184174
3.22425413132
3.59473586082
3.09201693535
3.50090003014
3.5854549408
3.312073946
3.29082393646
3.40515494347
3.38549184799
3.41274094582
3.38789606094
2.95822095871
3.24037289619
3.29441404343
3.29848003387
4.61084008217
3.20426797867
3.28312683105
3.41785001755
3.57578587532
3.39084601402
2.91686701775
3.22262406349
3.35448694229
3.21253204346
3.40020418167
3.29960393906
3.0077009201
3.2928609848
3.2000079155
3.42598390579
3.16119909286
3.20039701462
3.19024181366
3.32788896561
3.38300704956
3.09701490402
3.19534993172
3.3027009964
3.21030879021
3.39072394371
3.38911318779
2.90312004089
3.21659088135
3.37889695168
3.28650403023
3.31211781502
3.29894399643
3.10349583626
3.18628096581
3.54388904572
3.4389731884
3.21192598343
3.30351400375
3.3844640255
3.3104891777
3.52265000343
3.27798891068
3.49016499519
3.6044459343
3.20721292496
3.37819004059
3.32155895233
3.18633103371
3.29835510254
3.38860201836
3.80231714249
3.10083699226
3.39842796326
3.50659108162
3.20010304451
3.49597215652
3.39503002167
3.29907202721
3.30106806755
3.59223294258
3.21273088455
3.25657701492
3.13414406776
3.18057608604
3.20802497864
3.29902005196
3.10827088356
3.30164384842
3.18988800049
3.3202688694
3.46411204338
4.70740199089
3.41476392746
3.39695596695
4.61105203629
3.47749996185
4.2146718502
3.27627396584
3.31055402756
3.19172406197
3.19430685043
3.26112580299
3.333081007
3.20513987541
4.50871086121
3.69940805435
3.11125302315
3.16706895828
3.40284609795
3.29695606232
4.32664513588
3.38753986359
3.14163398743
3.30585598946
3.14618396759
3.44574999809
3.09369492531
5.51311182976
3.39190101624
4.49594402313
3.4985101223
3.40531301498
3.45299482346
3.45889401436
3.48103904724
3.41036605835
3.35165691376
5.42730402946
3.5024638176
3.29298496246
3.62507987022
3.38280391693
4.31586289406
3.49958515167
3.4959359169
3.36059689522
3.61856412888
3.28578996658
3.23904919624
3.48980402946
3.59158301353
3.31594705582
3.59054803848
3.36528420448
3.20661997795
3.18860292435
4.39979219437
3.41423988342
3.18991804123
3.2347369194
3.18058109283
3.47340297699
3.43014097214
3.70486211777
3.2000579834
3.4593269825
3.40309095383
3.42688989639
3.57776999474
3.46773695946
3.28627085686
3.207447052
3.29136395454
3.26201200485
3.45418190956
3.4141600132
3.50067210197
3.38241291046
3.47485303879
3.20813703537
4.00232410431
3.27734088898
3.20915603638
3.30977416039
3.61831021309
3.59029006958
3.40742301941
3.69589090347
3.49244713783
3.20594501495
3.56254601479
3.20753216743
3.09876489639
3.19720387459
3.89025878906
3.31238889694
3.20115113258
3.47852993011
3.2106089592
3.46132683754
3.33797812462
3.19030618668
4.00986814499
3.19568395615
3.36432385445
3.10363602638
3.08629512787
3.11688089371
3.41152715683
3.40125203133
3.88455796242
3.5265109539
3.39892601967
3.95360684395
3.13279891014
3.34143304825
3.77021479607
3.76942801476
3.39717197418
3.41097712517
3.59417295456
3.35026097298
3.00820803642
3.09180283546
3.23075604439
3.29700183868
3.53860712051
3.64909482002
3.80361700058
3.2945458889
3.70407795906
3.311658144
3.46744990349
3.19152498245
3.39352107048
3.43622493744
3.49521899223
3.69552898407
3.40215992928
3.47917795181
3.4156088829
3.59157991409
3.14922308922
3.5522210598
3.4219250679
3.50074601173
3.27434706688
3.27887010574
3.46512103081
3.45398902893
3.62998914719
3.72853279114
3.30902504921
3.40485286713
3.7862830162
3.39094901085
3.76054883003
3.55075311661
3.5897500515
3.5187869072
3.35857105255
3.1813158989
3.84024405479
3.40704894066
3.47952985764
4.80306720734
3.60166406631
3.38998794556
3.44416213036
3.41878414154
3.20787906647
3.30395388603
3.28999304771
3.6185400486
4.31762909889
3.35395789146
5.44093990326
3.49262690544
3.32347488403
3.23150491714
3.21714711189
3.18989801407
3.21907281876
3.60363006592
3.42062807083
3.38388800621
3.49538803101
3.41030812263
3.46891784668
3.38429689407
3.20504593849
3.19001817703
3.6350672245
3.59831809998
3.30714893341
3.39466190338
3.36722397804
3.48057603836
3.21978092194
3.6220331192
3.38327980042
3.18791007996
3.96981406212
3.65441417694
3.4987449646
3.49339795113
3.60205793381
3.28798794746
3.70029020309
3.16444993019
3.10270810127
3.24119400978
3.79479217529
3.29712510109
3.97257614136
3.18542695045
3.17278504372
3.40117287636
3.56139588356
3.39404392242
3.30655908585
3.9653980732
3.9744758606
3.20544815063
3.20725607872
3.24434995651
3.56623005867
3.43332791328
3.56375098228
3.38048696518
3.31375193596
3.23620200157
3.3941719532
3.58438014984
3.51812291145
3.44213104248
4.51467704773
3.13318896294
3.38832902908
3.48968482018
3.30625200272
3.17333388329
3.17809009552
4.27536892891
3.57331299782
3.48709511757
3.31582093239
3.15340304375
3.26073789597
3.2080719471
4.30108785629
3.80448579788
3.48282885551
3.52565598488
3.58278989792
3.18658614159
3.37851595879
3.54419803619
3.34969902039
3.40036010742
3.26158690453
3.10215306282
3.31290817261
3.44545197487
3.80477809906
3.6609120369
3.27093100548
3.62793302536
3.65221977234
3.59786105156
3.46025705338
3.31445908546
3.39865112305
3.47160696983
3.49918198586
3.26634788513
3.30357408524
2.89672207832
3.09444999695
