Experiment Results
2.4485809803
2.3223028183
2.35945701599
2.33577084541
2.46888303757
2.43237686157
2.47411704063
2.4753408432
2.15695905685
2.66314411163
2.17168998718
2.17114806175
2.1821539402
2.16416215897
2.06075000763
2.28926205635
2.26036906242
2.3726348877
2.20320415497
2.15380787849
2.27128887177
2.39362502098
2.06197094917
2.26817202568
2.27644610405
2.38598299026
2.37035393715
2.47463202477
2.28298592567
2.28430294991
2.26829814911
2.39327692986
2.07729506493
2.58340191841
2.07870602608
2.26954197884
2.18360090256
2.17654204369
2.28182482719
2.31066298485
2.06232190132
2.01193094254
2.15186619759
2.08469414711
2.17682099342
2.48413705826
2.27452802658
2.42758798599
2.154556036
2.41230392456
2.35737490654
2.47138810158
2.30289387703
2.36789512634
2.0877301693
2.38998603821
2.38209891319
2.29179406166
2.29408407211
2.27389502525
2.18459105492
2.49264097214
2.47973108292
2.09317278862
2.09218502045
2.07796096802
1.99438095093
2.38322496414
2.48614501953
2.29544901848
2.28971290588
2.5997569561
2.071641922
1.98646306992
2.07592892647
2.30506706238
2.37892603874
2.29325389862
2.09393310547
2.18772506714
2.18978595734
2.31114506721
2.48692393303
1.8650598526
2.27850818634
1.99630999565
2.28769493103
1.78743386269
2.28038597107
2.51580715179
2.16290998459
2.09834313393
2.60976195335
2.07193088531
2.27761983871
2.48870682716
1.88599085808
2.38964605331
2.42462015152
2.49077296257
2.39627814293
2.49821805954
2.24205780029
3.26624202728
2.52801609039
4.85829305649
2.7677090168
3.59712195396
2.13989090919
2.58255410194
2.74991393089
2.97940397263
2.06872797012
2.77108693123
2.57225608826
4.06660914421
2.69497299194
3.57796001434
4.55835795403
4.31736707687
2.8339779377
3.49732089043
2.46989893913
2.68437695503
4.38453602791
2.54746103287
2.97828793526
2.5780749321
2.67877101898
2.69952011108
2.35136604309
2.89039993286
2.46243786812
2.67427182198
2.27395319939
3.102257967
2.68924498558
1.96353316307
2.47990989685
2.69644784927
4.89001703262
3.05801892281
2.97610402107
3.78076004982
4.49475598335
2.46652698517
2.49211502075
3.39448404312
2.2629840374
2.30322289467
2.56350183487
2.18185281754
2.71603107452
2.85756397247
2.39256000519
3.20574903488
2.56840610504
2.58147096634
2.68007612228
4.39413309097
3.26948213577
2.50038313866
2.28637099266
6.29426503181
4.07673382759
4.09153604507
4.78173995018
5.18847990036
2.58743309975
2.29393196106
2.69078993797
2.88611197472
2.52581191063
2.57735109329
8.25561094284
2.4858250618
4.18797588348
4.18649196625
2.49184393883
2.28389501572
2.99242401123
2.3963239193
3.38574099541
2.9787671566
2.48827505112
2.98273396492
2.72323298454
2.76203489304
2.68926811218
3.61292409897
2.57099795341
3.58935213089
2.18410992622
1.89059686661
3.09034895897
1.98453497887
2.20110487938
2.67998790741
1.99236488342
2.38493990898
2.81837201118
3.21817398071
3.93352794647
3.35130000114
3.35696101189
2.36144185066
3.98689389229
4.34567117691
3.26195883751
2.27402186394
2.66864490509
2.06926202774
2.57050299644
2.37385702133
2.31415200233
2.24852895737
2.97121191025
3.57705903053
2.06680989265
2.4769821167
2.56908392906
2.17718601227
3.17198109627
3.68117189407
2.67237091064
2.38484501839
3.16598010063
3.69399094582
3.9670009613
4.17903614044
2.00602507591
3.64222502708
2.70233416557
3.38693499565
3.60484313965
2.3276321888
3.69014286995
2.47014498711
3.0869550705
3.28426098824
2.47715997696
2.0851111412
2.37322306633
4.29905986786
3.08105015755
3.07071995735
4.19367003441
5.28921198845
2.06744194031
2.18514895439
2.49255084991
2.880423069
2.67693305016
4.68500804901
2.68274593353
2.32230901718
2.94586491585
2.68575906754
2.59164309502
2.59491801262
2.57199692726
2.1999540329
2.97755885124
3.41417789459
3.48339891434
2.96572899818
3.80155301094
2.07418894768
2.70138287544
2.6674118042
3.80379605293
2.75530695915
2.4030649662
2.51135420799
3.18300509453
3.16858887672
2.98781490326
2.20325279236
2.77609300613
3.58720183372
2.59846305847
2.38469910622
3.0888030529
2.79581904411
2.96930003166
2.99021315575
2.59070301056
2.08445191383
4.68974900246
3.4019548893
3.78451895714
2.39125704765
3.07350707054
2.69930315018
3.68247699738
2.18833494186
2.92288303375
2.77514386177
5.19286084175
2.18052411079
4.41070008278
4.12209510803
6.94840908051
3.6287560463
3.05104589462
4.47520208359
3.75092411041
5.56511592865
3.57074284554
4.07996106148
3.05692601204
3.58613300323
3.09299087524
2.93934798241
2.88463783264
3.57156801224
2.87137293816
3.00137710571
3.98647999763
3.56308984756
2.84681296349
3.48248815536
3.26417589188
3.28435778618
3.49271416664
2.65501308441
3.59303593636
2.46111488342
2.39441394806
5.39170408249
1.95605397224
2.26816296577
2.38462901115
1.97560501099
2.91774201393
2.65496397018
4.77846479416
4.48951911926
3.26888799667
3.09636902809
3.47859406471
2.96609306335
2.31631803513
2.84446597099
4.08660888672
3.47751402855
6.38291287422
3.72218704224
2.55085992813
2.92190384865
2.2793648243
3.75181794167
1.98547315598
2.19527506828
2.70758104324
3.25434088707
3.09053993225
4.39277505875
3.51012396812
3.55565094948
3.99018001556
2.47645401955
3.18436408043
2.18952989578
2.78344893456
2.78908991814
6.01804804802
3.25509309769
2.40073490143
2.08414816856
2.30309987068
4.17143201828
2.48007106781
2.8886449337
4.28581118584
4.2900519371
3.49169588089
3.29884314537
3.17576503754
3.98556208611
3.38915705681
2.58538913727
2.6026070118
3.49030208588
3.28747391701
4.28004312515
3.18557786942
2.79415011406
2.38586592674
2.27954292297
2.39418888092
2.1883919239
3.28661203384
2.88845396042
4.79880094528
3.58192896843
2.02253603935
4.28176808357
2.56112098694
2.28960299492
2.00675010681
2.9570851326
2.90646314621
3.15475487709
3.54819703102
3.22352814674
3.09972691536
3.01055002213
2.45229005814
2.79450798035
2.53561496735
3.60419797897
2.642359972
3.19177699089
4.04275584221
2.30679702759
3.44094586372
3.58507108688
3.10945510864
2.74703717232
3.60472607613
2.66599011421
3.45471596718
4.02859687805
4.22905611992
2.38185191154
2.95053195953
3.38528609276
2.38274002075
3.57463002205
2.18977308273
2.17055797577
2.47056221962
2.17864012718
2.70704698563
4.45971798897
3.38565897942
2.77479720116
3.28806686401
2.0753159523
2.49472808838
2.98160290718
3.36504101753
2.78061294556
3.8920378685
3.41602993011
2.45147109032
3.88353395462
1.97539114952
3.48125815392
2.68613505363
2.50508904457
2.48154211044
4.87944984436
3.27451086044
7.48391580582
3.82705807686
3.3546640873
2.78498601913
3.20868802071
2.15568900108
3.88678097725
2.61134696007
2.26509904861
2.28828406334
2.99543690681
4.88569784164
2.77816700935
7.29278707504
3.58416414261
1.99352908134
3.79952192307
2.46972298622
6.5867729187
2.09013390541
4.79269385338
3.37726306915
2.68914008141
2.19579410553
3.49020004272
4.4859058857
1.99024105072
2.18112206459
2.78537201881
2.51756381989
2.36691117287
4.16696500778
4.10969090462
2.69336795807
3.27647900581
5.09312605858
6.20769691467
3.17776083946
7.29689598083
4.77851486206
3.0870950222
3.00043702126
5.76262903214
3.30018997192
2.39261507988
6.10915899277
3.22103285789
3.36270284653
4.32434296608
3.847219944
4.36257100105
3.5661919117
2.55923485756
3.77257084846
4.21331095695
2.32303404808
3.46803212166
2.56430482864
3.42401099205
2.3357000351
3.38165903091
3.77105593681
3.48959898949
5.70394897461
3.54172897339
3.07808113098
3.36684918404
3.16413521767
3.20454311371
3.26930999756
2.65056204796
3.92045807838
4.04225802422
2.97363185883
8.67546987534
2.17829990387
2.68514680862
2.17158699036
2.88924789429
4.67444801331
2.33697795868
2.78977298737
2.45288610458
2.43564510345
2.092648983
4.49226808548
2.30364513397
5.06498193741
3.26238489151
2.87915611267
4.20776200294
3.46072292328
8.09987807274
4.31452798843
3.14200186729
2.07908391953
2.31860685349
2.98221898079
2.85777401924
2.18744897842
3.58379888535
4.58658695221
3.48153996468
2.63084101677
3.57213997841
3.56730604172
3.48026895523
4.58759212494
2.4852809906
3.10009002686
3.47550702095
3.50261306763
5.67259097099
6.59256386757
3.88229012489
2.61771512032
3.05428695679
4.8903169632
2.28749585152
2.98703098297
2.20390105247
2.26432704926
3.88956618309
4.09323191643
2.28723502159
2.87831020355
3.79425096512
3.70731210709
3.16363596916
4.42255592346
4.05307102203
3.98684620857
2.89595580101
3.39727306366
3.47565412521
2.99130105972
3.7781047821
2.2948448658
5.68329191208
3.49494099617
3.49618196487
2.48885798454
4.58271622658
4.62902212143
6.1790599823
