Experiment Results
8.51813697815
8.1319899559
8.26314496994
7.7828950882
8.21947193146
8.27096486092
7.56721401215
7.76550602913
7.70388484001
9.61783909798
8.26540207863
7.48683905602
8.06001996994
8.42028403282
8.57801604271
6.7963218689
8.61365795135
9.11304402351
8.04200601578
7.8638958931
15.1839990616
9.2402639389
8.03566193581
11.7079970837
7.57936882973
7.9208240509
7.4632601738
8.46462607384
7.58779788017
8.64652514458
9.90246486664
8.83828306198
7.54294109344
7.80901503563
7.59007692337
7.36874103546
8.12481403351
7.88266992569
11.946600914
16.6817169189
9.76819205284
8.26083683968
7.41616106033
10.6951620579
8.7944149971
9.08227801323
12.9061629772
7.81763505936
8.3943400383
8.50455498695
7.9643201828
14.0823619366
7.99110388756
9.28949213028
7.96740579605
11.1325490475
7.54617094994
9.43485093117
7.65958309174
8.74098515511
8.83551621437
8.28251004219
8.38544297218
9.21144890785
8.17356085777
8.90541100502
9.48931217194
8.98327994347
9.75655603409
7.57510900497
8.53100585938
7.80940794945
8.91949605942
7.54668903351
10.7583658695
9.56045508385
7.84324002266
8.35949707031
9.72829198837
8.11404895782
9.51084518433
7.54235601425
8.71842503548
8.26976704597
7.71069002151
15.1698110104
10.8959980011
7.86705517769
11.6018490791
8.58998203278
7.38203191757
12.7965970039
12.4673719406
16.1037621498
7.70986413956
9.06763219833
10.4802331924
21.4820899963
8.45392584801
7.86771416664
9.49221611023
9.48228597641
9.65859103203
16.0004749298
9.79734992981
7.34471702576
20.7285461426
8.04383993149
9.21935486794
7.93072986603
10.8142478466
8.41896295547
8.52162194252
8.99803805351
15.7039110661
16.444685936
9.0009958744
14.2994520664
7.85930299759
7.28608894348
11.3263289928
9.53644585609
9.75375413895
11.0416638851
9.43157887459
7.5513420105
7.82831907272
8.04199385643
7.93678402901
8.66422891617
8.70008897781
8.10971903801
14.1121060848
7.98595690727
7.79938697815
7.99818110466
14.7767329216
7.87767696381
8.12578582764
9.14118695259
24.2438209057
10.2363710403
12.0001881123
10.1518750191
16.50238204
8.6334130764
12.9211139679
8.94785118103
13.1082081795
10.1827669144
8.2614300251
12.7836668491
8.61471104622
10.253210783
7.41423892975
9.15566110611
7.37730693817
25.3259420395
7.72490596771
7.92414617538
8.86571002007
7.67932510376
8.75039815903
7.96065306664
9.02622389793
7.94804811478
9.06204104424
12.7854950428
16.5009770393
8.75720405579
26.0725200176
9.40274500847
8.0973341465
8.63662290573
11.6781308651
7.91392803192
10.8178880215
8.11349606514
7.96670794487
8.34199810028
7.9294719696
14.9635100365
12.0638740063
7.66553711891
19.7958388329
18.403605938
8.48507809639
10.8164029121
8.74454116821
8.32534122467
11.1905171871
7.8516869545
7.62160897255
13.5279798508
13.8598778248
8.47130703926
11.1206331253
9.05549407005
8.5345389843
8.24709701538
9.31837415695
8.2992939949
10.5233809948
10.2502441406
14.002918005
7.47163391113
8.68087697029
9.85227298737
12.0321948528
8.57946610451
18.7562639713
16.4839279652
8.20537209511
8.30296206474
8.33505582809
7.78578805923
12.3886809349
10.8539419174
11.0387248993
9.01986789703
17.8696100712
18.8869180679
7.69196915627
8.23496103287
12.0790688992
8.80102205276
7.6750729084
8.68675303459
8.5363650322
10.2222568989
8.04094600677
16.3086330891
9.10356402397
11.2375950813
10.1690261364
9.22926712036
9.30915403366
9.34766077995
9.22166419029
7.88882493973
16.7915811539
9.21225714684
9.50110197067
21.0984940529
9.76293492317
8.33026003838
8.99138212204
10.1349411011
8.60310220718
6.95441484451
7.98630404472
8.25193810463
8.23699903488
9.67717504501
13.6044769287
7.84256410599
9.2529540062
10.3422458172
8.69238495827
7.74163508415
8.00952291489
13.2920818329
7.39682817459
11.6271679401
7.31363797188
9.7647588253
8.27594709396
12.0360410213
9.16130208969
8.54205799103
8.06770586967
7.30858683586
7.98914003372
7.55061101913
9.03571510315
9.4484500885
15.2988579273
7.25037097931
8.49861097336
8.77426505089
9.50127887726
20.1933338642
15.2095761299
7.9737341404
7.46758413315
8.49413394928
12.3027629852
11.3048238754
8.86927103996
10.4085309505
8.74038481712
7.91744804382
7.7951631546
7.8272190094
16.6238980293
9.179063797
7.10786318779
8.45767807961
7.92206406593
7.38101315498
8.29279613495
10.7654299736
16.6953070164
10.4216809273
8.71942400932
15.3433852196
16.3210971355
9.84220600128
19.1107990742
9.53996109962
9.18008208275
28.367151022
8.2005739212
17.4160578251
8.78107905388
10.6859529018
8.47933220863
8.25455904007
8.62759304047
8.82481098175
7.96242809296
7.69397187233
11.3828618526
8.33797001839
11.224364996
13.7464661598
8.00399780273
9.97879695892
10.3676769733
9.7695248127
18.5874710083
8.14289283752
8.77975010872
7.78663301468
7.70367693901
8.26187205315
9.13084506989
8.41308403015
7.39947986603
8.07811689377
9.78050613403
9.08124899864
8.36541295052
8.3879711628
13.3957939148
7.74634599686
13.388032198
8.2123799324
6.89877486229
7.8796749115
9.16314601898
8.36404705048
10.407392025
10.3764228821
9.67891097069
12.8830478191
11.3617579937
13.0457320213
8.03655719757
8.43155407906
8.97711801529
11.7027552128
9.41195511818
8.32141208649
8.37720680237
15.6058020592
9.7516310215
7.7394900322
8.83217191696
10.2830710411
11.6667058468
14.7409040928
8.38549685478
7.47054290771
8.09917807579
8.04782295227
19.1493148804
22.9625408649
10.201305151
8.68050694466
7.65939998627
14.775603056
9.00981497765
11.000494957
7.92216205597
8.93838882446
9.03211688995
9.26178884506
11.8604080677
8.23580312729
8.56306290627
8.88251614571
9.64900302887
8.64715504646
14.1654601097
9.58236479759
8.08186388016
8.52035617828
8.39121890068
8.69459080696
17.6726980209
8.52562594414
11.0955531597
18.8036029339
8.64382982254
15.9648358822
7.92653489113
10.0115320683
8.00703811646
20.3609318733
7.82425308228
13.561414957
9.71855998039
12.4633469582
9.34376096725
8.81261396408
9.65808415413
8.73225092888
13.1713969707
8.99153494835
13.2712240219
9.4203209877
16.4185249805
7.65069794655
15.6807940006
7.61067295074
8.75677895546
9.53991889954
7.78928589821
9.8727209568
10.3273570538
8.37334918976
8.4243221283
7.88887500763
14.396903038
7.9233520031
8.37367796898
7.7461950779
8.52207398415
8.34275698662
7.67584896088
17.0436120033
8.03108501434
8.34581303596
7.38769507408
8.20164895058
8.89379191399
17.1263480186
7.23419880867
11.2979872227
7.87333989143
7.16532087326
7.89400005341
8.30784392357
10.6813311577
12.1394910812
9.11937713623
9.17119002342
8.52537798882
7.90519094467
7.82869720459
14.4336869717
9.6169719696
8.23190498352
10.8044009209
16.138231039
7.74253201485
8.46483278275
7.43532109261
7.89622092247
16.1026761532
7.2212460041
8.55849885941
8.91368889809
8.6866850853
16.8409261703
9.63880395889
8.46224617958
7.56764101982
8.10911488533
10.2180218697
16.1899249554
10.2767198086
7.48988103867
8.38215899467
8.89765405655
8.31198382378
7.34599113464
7.16629600525
8.09228205681
8.20666003227
10.17639184
16.6782369614
11.0951538086
8.72318911552
7.91677594185
8.4660179615
16.0508210659
8.02576589584
7.90490794182
10.8596601486
10.1158781052
11.1906001568
9.3122010231
8.33188915253
8.90091109276
8.51897597313
27.1637310982
7.46786284447
10.2683458328
8.6519370079
8.99858093262
9.76973986626
9.96666002274
8.70787596703
17.3491048813
13.5149209499
9.24683618546
8.0535261631
16.9830880165
8.11563897133
9.11030983925
8.81476902962
7.59074211121
9.6958220005
7.8825109005
7.73464918137
11.2188420296
7.69937396049
11.0166890621
10.3649699688
18.856087923
10.1464030743
9.47578692436
7.3306760788
9.82468605042
8.88687586784
9.24404096603
7.6231238842
7.97785592079
20.3818569183
9.32480502129
7.78142213821
8.712485075
9.91462397575
10.9601070881
15.2404680252
7.35380792618
8.48091602325
30.7422859669
8.03506183624
9.66302108765
23.9034078121
8.05724000931
16.03784585
10.1402029991
9.90417695045
16.7497060299
7.76036405563
9.45163202286
7.49379301071
8.15216112137
7.62532114983
7.892111063
7.37228298187
9.36025285721
7.48791790009
8.29111981392
8.42953300476
7.94241309166
8.23255491257
9.08637690544
8.44685792923
9.58102321625
8.29037499428
7.29113507271
9.91610383987
7.54607701302
12.1046380997
23.29560709
18.7063260078
11.8788659573
11.4604210854
19.4884390831
14.7020521164
16.1550960541
9.99552512169
7.3327870369
7.85244607925
8.77762007713
9.62171602249
8.57593798637
17.361301899
7.39699792862
8.99229693413
10.6149830818
8.34892892838
8.95695495605
7.86783003807
7.49549102783
