Experiment Results
4.76584792137
4.61537885666
4.62922096252
4.84252095222
4.73569893837
4.58493208885
4.56729602814
6.48436307907
4.46062707901
4.75486183167
4.8888669014
5.07622289658
4.63936901093
4.37826514244
4.27024292946
4.49359202385
4.26286292076
4.47449707985
4.57902097702
4.16303515434
4.69976687431
4.34566116333
4.88237285614
4.95508313179
4.58953714371
4.31057095528
4.41478490829
4.70549488068
4.39316415787
4.95383501053
4.80654811859
4.67035603523
4.56444716454
4.36957001686
4.10753822327
4.6580388546
4.60851097107
4.07558989525
4.77468299866
4.49628210068
4.27267479897
4.29314517975
4.14725399017
4.98650312424
4.88704609871
4.79788589478
4.48642206192
4.68395495415
4.27611899376
4.59184193611
4.87449002266
4.68346405029
4.58004713058
4.39901399612
4.27944993973
4.6840839386
4.61074709892
4.67989182472
4.38970804214
4.16211605072
4.58549499512
4.37766814232
4.89537596703
4.69036507607
3.97419095039
4.68250393867
4.48313999176
4.12486696243
4.37123513222
4.50351190567
4.68648314476
4.4712369442
4.50897216797
4.27878379822
5.07722091675
4.47196388245
4.62234592438
4.4800658226
4.6776509285
6.47974777222
4.40802001953
4.76260304451
4.58957505226
4.39470982552
5.09998106956
4.56891417503
4.21048784256
4.17966294289
4.19196414948
4.47758889198
4.33939504623
4.64477491379
4.60437297821
4.48943400383
4.48962187767
4.28332901001
4.29511904716
5.19950985909
4.65438103676
5.86009502411
5.60816812515
4.86753702164
5.92129683495
4.54927802086
5.97104096413
4.91880893707
4.48915290833
4.79419517517
5.85327005386
5.18994498253
4.65271401405
4.85848093033
7.66419816017
7.01154899597
6.31852388382
5.70194005966
7.35892987251
4.97298717499
4.89134192467
4.44828701019
4.51400995255
3.97937989235
4.24596214294
4.68844389915
4.86246204376
3.89853286743
4.23785614967
4.68725705147
5.06992411613
6.19052290916
4.19868898392
4.96398997307
4.65832304955
4.51507711411
4.84956908226
6.48690891266
5.29046988487
4.09233403206
4.67877197266
4.35356903076
6.90628194809
5.14248394966
5.2101650238
4.7710340023
5.27620697021
4.08975315094
4.39479708672
8.39811396599
5.24696779251
5.03831195831
4.66056418419
5.67125201225
3.86359715462
5.20298695564
5.19607400894
4.38922905922
4.87152695656
4.26319098473
3.69075417519
4.4137430191
4.48363995552
9.17790102959
5.24722099304
6.91897201538
4.51320815086
5.27450704575
4.98264312744
7.17852115631
4.40113902092
5.5789167881
4.39889287949
4.27361488342
4.00240492821
4.57876014709
4.34284710884
6.35496020317
7.67188405991
5.48405599594
4.28806209564
4.29673504829
4.31604886055
4.12219595909
4.02362990379
5.73313212395
4.157725811
5.45708394051
5.02492499352
6.14898300171
4.34035611153
4.09598016739
4.4475569725
5.17817401886
4.60561704636
4.18644595146
4.18372392654
5.27202010155
4.71282505989
4.77585315704
4.39506101608
4.5717561245
7.41452097893
4.72847390175
5.49466204643
5.37317705154
4.25275301933
5.56915092468
7.55904603004
5.07514595985
5.26429700851
4.87925291061
4.04841303825
4.8861310482
6.18610215187
4.38138985634
4.25921201706
4.1621670723
4.50671505928
7.17010116577
5.1357858181
8.02907395363
5.32204413414
4.45599389076
8.08588719368
4.68431901932
6.69394993782
4.4052670002
4.42310714722
7.17743706703
5.40294599533
8.10623502731
5.82261896133
6.57055902481
4.89387893677
4.59675693512
4.44703698158
4.59280991554
5.27900099754
5.69029688835
5.77888298035
5.68813300133
7.25373101234
3.81691789627
4.47653603554
8.75036692619
4.71019101143
4.87489700317
5.80251002312
5.66101098061
6.16015315056
6.0069258213
3.99394893646
5.55723595619
5.69289588928
4.80216407776
5.7730691433
4.48990488052
4.48955202103
4.40219807625
5.56075811386
4.89583992958
4.90880393982
4.55235481262
4.72302913666
4.37596416473
4.8456351757
6.43327307701
7.23213386536
7.31586194038
4.48384094238
4.42898797989
5.15722203255
4.69972491264
4.64365005493
4.36290287971
4.13960194588
4.47409582138
6.79035711288
4.59444117546
4.51054811478
4.26849579811
4.3667948246
5.80525708199
5.83055496216
6.24146294594
4.57951521873
5.01752996445
5.38100099564
4.37353205681
4.70530390739
4.52850103378
5.23107790947
4.81588697433
4.88224482536
4.24588918686
5.02163410187
10.5824129581
6.15418100357
4.93720412254
4.20595884323
5.2614710331
6.22336602211
4.93811106682
6.0004799366
7.05814194679
4.79149699211
4.51306891441
15.4775681496
5.64049196243
4.47896504402
4.46558094025
4.70693993568
7.02883791924
4.76476883888
4.92420601845
4.24505186081
4.99119877815
4.39951896667
4.84831309319
7.78582191467
8.34001398087
4.78652477264
5.6689620018
7.36444115639
5.67635512352
7.37678003311
4.47504806519
6.06936383247
6.70344901085
6.73308610916
6.13982582092
6.87791514397
4.92647099495
4.70719695091
4.76483392715
4.78224682808
7.58187198639
4.60529780388
5.36600399017
9.49353313446
8.55211806297
7.39632892609
4.57376098633
6.37543702126
5.47688508034
5.796875
6.77927207947
9.37029504776
7.60954904556
6.873721838
5.72245311737
4.96226501465
4.58687591553
4.99462008476
4.60011100769
4.54442191124
5.49806404114
4.49041104317
4.65577101707
10.8208839893
5.97789406776
5.11247014999
4.1489751339
4.91885590553
5.06804585457
4.7407450676
3.81666302681
5.39964604378
5.5936729908
5.10894703865
5.67376089096
4.06449604034
13.0112490654
4.5533850193
6.20625209808
6.50780296326
8.64830088615
11.7022509575
7.6134750843
7.26192593575
5.96724009514
4.42190909386
5.00447797775
5.74483394623
5.10682797432
6.13711190224
6.74710798264
4.97476506233
4.45958209038
4.91208600998
4.91335892677
16.926872015
8.32990717888
7.19493794441
4.68676400185
4.09068703651
5.71531605721
5.82493901253
5.25201892853
6.9559431076
4.89244794846
6.7337448597
6.54812812805
6.19865512848
5.93494987488
4.05902218819
5.85494208336
7.38511896133
7.33921504021
4.35619807243
4.68725585938
6.15601801872
4.26883792877
4.97917485237
5.16928792
6.37107300758
4.77503705025
5.61557197571
7.14325809479
4.2998111248
7.33548283577
11.8923010826
5.37782692909
4.96966099739
4.26353907585
8.29995989799
5.37652111053
12.4667959213
5.45934987068
5.52121686935
8.06377696991
4.5549428463
4.5912361145
5.1605360508
4.27104902267
4.81559991837
6.25479197502
4.28300714493
4.49643087387
4.3226377964
4.62118887901
5.91586899757
4.15457892418
5.00247192383
4.47426795959
4.36811995506
5.18160295486
5.8096818924
6.68147301674
4.86577892303
6.76463198662
4.90336418152
4.71329808235
4.57217907906
4.67479896545
4.9865591526
4.46951198578
4.40044307709
4.17988991737
7.89743280411
4.99039697647
5.59854483604
5.85520195961
5.11074709892
3.7098069191
5.47511386871
5.26341199875
5.07977080345
5.08815193176
4.78793597221
4.59103798866
3.90794301033
4.29817295074
4.76800918579
6.19719099998
9.50440812111
5.86928987503
5.35849905014
4.30973601341
4.16381001472
9.90587902069
4.40572690964
5.07993507385
5.47127890587
5.5224840641
4.56322598457
7.89382886887
5.19393181801
5.26916003227
10.8049428463
5.17619299889
5.00573086739
4.77555418015
9.89196014404
6.5865020752
4.41452789307
5.25843286514
14.8821909428
6.34782195091
4.54893803596
11.2334339619
4.63588619232
7.24486804008
8.08397579193
6.38089513779
5.74270796776
4.76437187195
5.39370703697
6.11255693436
5.6685321331
5.57808303833
5.39368796349
5.24995207787
5.17563700676
8.47430515289
5.86415410042
5.97584486008
7.54068493843
4.4395980835
4.34710097313
5.26804184914
4.78712582588
6.10292100906
4.54378890991
5.26757001877
5.67621016502
3.99481511116
5.75906705856
5.08421182632
4.77717423439
4.77349305153
4.71055412292
4.9808371067
5.04390788078
4.99451994896
5.1676030159
4.70666384697
4.5531539917
5.62000703812
5.33536100388
6.61131095886
5.35755205154
4.60134291649
7.2936861515
5.56579303741
7.66952705383
9.28478503227
4.47970199585
6.72099804878
11.2437520027
15.9070680141
4.60710501671
5.57726693153
4.09568190575
5.53744292259
4.49485993385
4.78554916382
4.16535496712
4.21205306053
4.0903968811
4.37366485596
4.69537901878
5.57363009453
4.5140709877
4.35357117653
4.9608540535
7.83365488052
5.36918497086
4.60729598999
4.48419308662
8.27857804298
4.59662008286
4.28007698059
4.50631713867
3.96474790573
5.11570596695
4.35847401619
6.0008919239
5.9742000103
4.91254591942
4.36754798889
4.78894305229
11.9802620411
6.68814182281
4.30529594421
4.47342896461
7.18086004257
5.6047270298
7.84219384193
8.51752901077
5.22157597542
6.20135712624
6.05455303192
15.9236388206
5.87303614616
5.47754812241
4.73079299927
5.44890189171
14.8855850697
4.80436396599
5.82162094116
