Experiment Results
5.3562810421
5.00659799576
5.42606496811
5.76318597794
5.54978179932
4.85833096504
4.77005314827
5.2664129734
4.87312912941
5.06684613228
5.38270497322
5.46899700165
5.3648750782
5.57379508018
4.86422395706
5.11439800262
5.24057412148
5.47171092033
5.87924790382
5.96566390991
5.18302106857
5.17138314247
4.88380599022
5.77902698517
4.86662602425
4.98478102684
4.97981977463
5.27820301056
5.17388892174
7.86787700653
5.37961316109
4.99230694771
4.86146092415
4.49680805206
4.57917308807
4.87436509132
5.48980212212
5.2732629776
5.19400191307
5.87155890465
4.57852911949
5.39340400696
4.87835597992
4.67573285103
6.28181004524
5.08585715294
5.08484601974
5.08075881004
4.58237600327
4.50415110588
4.76309394836
4.68866181374
4.4919731617
4.99069309235
4.97552919388
4.59496498108
5.08184409142
4.89104294777
4.0746281147
4.69786405563
5.09827399254
4.77635788918
5.08464503288
5.58676099777
5.18429207802
4.61066889763
4.56222200394
5.0896551609
4.69518303871
4.77218794823
5.19816017151
5.08195400238
5.09001398087
5.28472685814
4.99308586121
5.18921613693
4.39079618454
4.89675807953
4.76612901688
4.70370101929
4.77226805687
4.9895169735
4.99435997009
4.49582505226
5.17938995361
5.59176301956
4.58455705643
4.79180598259
5.3807849884
5.2901289463
4.79353308678
5.39656019211
5.17612600327
4.68833994865
4.88608193398
4.60189509392
4.58056902885
4.58751583099
5.5866420269
4.79799008369
5.2023088932
6.72308301926
5.54947590828
4.94351387024
4.95093202591
5.35886096954
5.26538300514
5.1648311615
5.47494983673
5.98985314369
5.2449400425
5.17917895317
5.26876497269
6.56827902794
5.18535614014
4.96445703506
4.66849708557
4.57852005959
4.97671103477
4.77782607079
4.66433382034
5.08193898201
5.08170318604
5.07073307037
4.56503605843
5.28204107285
4.68398308754
5.48034405708
4.56027603149
5.5593149662
5.09367489815
4.87061500549
4.77817797661
5.18052005768
5.07579016685
4.58491492271
4.77838492393
4.58601784706
4.67881298065
5.08033585548
5.37599182129
4.79960799217
4.96584296227
4.48925900459
4.97087216377
4.77651500702
5.08719706535
5.09691905975
4.57652306557
5.19045591354
4.98696613312
4.77430486679
4.38357591629
4.4963619709
4.96960997581
4.78746294975
5.09065008163
4.88806796074
4.97586011887
5.39284610748
5.17887806892
4.8956182003
4.68389511108
4.17771601677
4.69824910164
4.67929387093
5.18196296692
4.89061284065
5.69142723083
5.1012430191
4.98416590691
4.98691487312
5.69514393806
4.46801495552
6.98968887329
6.98637008667
4.5942440033
5.4978928566
5.06842899323
4.19366598129
5.09393191338
4.78065109253
4.8924369812
4.38144493103
4.68924617767
4.88827610016
5.30020403862
5.26885318756
5.59140610695
4.59045910835
7.79232287407
5.28388500214
8.49603915215
4.77981901169
5.50030589104
6.1034321785
6.76462602615
5.30352091789
5.3760831356
4.48750805855
7.92192697525
7.31001782417
6.34665608406
5.8465628624
6.24413108826
5.17627906799
7.04369592667
5.76187515259
6.28497099876
5.57016205788
4.66710400581
5.87390494347
5.48176717758
6.92287492752
4.89150309563
5.00249409676
4.65969109535
6.37395787239
6.16464495659
4.88150310516
5.08180713654
5.1750099659
5.50219607353
5.0388879776
6.27666306496
4.96667790413
6.78477907181
5.27812695503
4.8892250061
6.17767190933
5.58781599998
4.86328101158
4.97860598564
6.47702217102
5.68177580833
5.2316429615
5.333589077
4.68598794937
5.27595186234
6.1745800972
4.60097813606
4.17511081696
5.37674307823
4.90530586243
5.28141117096
6.75039982796
5.22652316093
6.55063009262
4.78117585182
6.67223501205
5.89167189598
5.67643213272
4.99234986305
5.6916718483
5.17497801781
5.48737502098
4.68106198311
5.38776087761
5.09422492981
4.88709998131
5.77411699295
4.70368909836
4.88721299171
4.57267403603
5.59195590019
4.88282704353
5.38410592079
4.78065800667
5.19709610939
4.78496599197
4.79172086716
4.58262300491
5.18684220314
5.49565696716
5.79009985924
5.47747993469
5.28015613556
4.80966091156
5.07106208801
4.79454708099
4.6850938797
4.69158315659
9.01736092567
5.56362509727
5.77638816833
6.28806090355
6.69020009041
5.78608512878
4.78626298904
4.48824310303
5.2046649456
5.19037890434
6.18780303001
5.78276205063
5.98379206657
6.48744392395
5.50339412689
4.58091497421
5.09471893311
5.19541788101
5.79091715813
6.12506508827
6.94533014297
6.83807492256
4.96613717079
4.95574188232
6.16106700897
5.58186101913
7.26311397552
5.46554803848
5.08130288124
5.47200608253
4.96374392509
5.37953495979
5.56428098679
5.48148989677
5.26654911041
7.08901309967
6.65817379951
5.16364097595
9.67202305794
5.38678312302
5.18178105354
6.4670112133
5.47922110558
4.67601895332
4.97104907036
5.186866045
5.66890788078
6.57523488998
4.90459299088
5.16149115562
5.17686104774
4.97908711433
5.88080501556
6.58045291901
6.38362598419
4.98159599304
4.37505793571
5.18214607239
5.09054398537
5.2846429348
5.67013883591
8.27761602402
5.39514708519
5.4811360836
4.88253593445
5.37710499763
4.58998990059
4.97111797333
5.32558608055
6.45310688019
5.59484696388
5.78103899956
4.57499408722
4.61330986023
7.97901105881
6.06924104691
9.59534907341
10.2815289497
8.89966201782
6.95493888855
5.08579587936
4.81526017189
4.88920211792
5.86776590347
5.79033684731
5.08855414391
7.18202400208
6.71664404869
5.56586909294
5.36929106712
6.50275397301
4.89214420319
4.28665804863
5.47754216194
6.12790608406
6.24478697777
4.98730111122
4.98816299438
4.70289301872
7.28730893135
6.89291405678
4.88079094887
5.89484214783
6.32654905319
5.79067707062
5.18955111504
5.59663796425
5.58689713478
5.37690114975
5.70094895363
5.47690582275
5.80284810066
4.87788391113
7.79823207855
5.38197898865
5.30011582375
5.47855496407
4.58566999435
5.91036009789
7.5236852169
5.1348259449
6.04360699654
7.66015410423
5.27040696144
6.05717301369
5.56688499451
5.77256512642
5.36941289902
5.56040096283
5.6700668335
5.3818860054
5.37265300751
6.07870006561
7.76439905167
5.47212195396
6.77700686455
5.77755212784
7.16131687164
6.58569693565
5.96508097649
5.38205599785
6.48343205452
5.66647720337
4.87422895432
5.59181690216
6.47335410118
5.96970105171
6.08770918846
5.47965407372
5.17506289482
5.26908802986
5.78909492493
5.4808049202
5.2724070549
4.98339819908
5.18427586555
4.67396593094
6.27624797821
6.97938394547
5.01382493973
5.44765496254
4.98860502243
6.99194693565
6.17914509773
6.97057199478
6.41682505608
4.66714406013
4.67685604095
4.58861589432
5.08399701118
4.69233012199
5.18143701553
5.58514881134
5.07330513
6.18549609184
6.69215893745
5.89421510696
4.77583003044
5.90721297264
4.57867383957
7.07912611961
5.59099388123
6.17530107498
6.29690408707
6.88298487663
5.28955698013
5.3090159893
5.56463479996
4.98385095596
5.80307102203
5.07619404793
4.39628481865
4.69117212296
6.27533197403
4.98401403427
5.20411300659
6.06795191765
4.79590296745
4.7847070694
5.79408597946
5.68170809746
4.49422287941
5.59362220764
8.57822608948
5.58537697792
4.79546189308
5.69313311577
4.78576993942
6.88524603844
7.18551802635
6.38889288902
5.31314992905
5.96645307541
6.6926510334
5.39032697678
4.88190293312
6.48723602295
5.89263510704
7.40683102608
5.11675405502
7.53592801094
6.76522088051
6.16071677208
5.04721784592
6.27198791504
8.37056899071
6.31397485733
5.93715190887
6.85389018059
4.87793803215
6.46055984497
5.58327817917
5.28796505928
5.16340279579
5.17426896095
7.16060900688
6.2902431488
6.7576508522
5.6809630394
4.67029500008
5.87061405182
6.6832280159
5.48005414009
4.76776599884
6.58541893959
4.87029695511
5.17852401733
6.7749569416
6.08019399643
5.07389187813
6.19125294685
5.37979602814
5.48368310928
6.26923108101
6.47791790962
5.2902841568
5.17699980736
4.54865002632
5.51663804054
4.79466605186
4.85435390472
5.29308199883
4.97707915306
5.88873887062
6.08215498924
8.79587697983
4.57287597656
5.40286302567
4.96642208099
5.19074010849
5.69576597214
5.17027711868
5.89119982719
4.97972106934
6.22834897041
5.87969589233
5.04988002777
4.71638202667
5.45906710625
5.68056583405
6.28472709656
4.89894604683
5.78284192085
4.38557386398
5.49368691444
5.08254480362
5.37520503998
4.80098009109
5.29730296135
6.17816185951
5.58687186241
5.3097038269
5.07130599022
5.98297715187
6.39330101013
5.28717517853
5.29469609261
4.7789349556
5.99156498909
5.68693614006
7.99344706535
4.8834540844
4.48508787155
5.18775105476
5.60037612915
8.98002791405
8.9782230854
6.79786896706
4.8900718689
5.79196500778
7.87916588783
5.99316382408
6.09914207458
5.18020105362
5.08411717415
4.99500799179
4.79146385193
4.69437003136
