Experiment Results
6.48798012733
9.03484201431
6.32676792145
6.75828790665
6.15247321129
8.05981016159
8.06556797028
6.16466593742
11.1672310829
6.38870692253
8.74726700783
6.37248492241
6.08657407761
10.2633888721
6.26479196548
6.48188495636
11.0810339451
8.49844813347
6.04918599129
9.26817107201
9.56692194939
6.31763792038
8.0389649868
6.71688699722
6.16388893127
9.158244133
11.0863649845
7.38866281509
6.25092506409
9.28888392448
7.5699338913
6.98242592812
10.5856430531
6.97415685654
6.3823568821
6.38857698441
5.67422318459
8.46842908859
6.5867831707
6.37793803215
6.48868203163
9.87689304352
6.58014202118
6.96724700928
5.79909992218
7.01075601578
8.36295413971
7.57983708382
6.35400295258
6.40640497208
8.0031850338
7.67251586914
6.49876117706
7.87143611908
5.78519105911
8.49216198921
5.99055409431
8.17530608177
6.68697595596
5.58262586594
9.19545602798
5.88054299355
7.59033513069
5.97864985466
5.82361507416
5.55380010605
6.23136901855
5.95275211334
9.18822407722
7.67933988571
11.1005678177
5.58236217499
7.58447694778
8.68585300446
6.1856648922
7.29644489288
6.18884515762
7.18892979622
8.38954496384
8.09050393105
7.48097896576
8.86777806282
6.90876078606
8.28449201584
6.78307700157
7.89173603058
6.49566698074
7.38916301727
5.6923148632
9.68255901337
6.18250107765
6.09621500969
6.19399189949
6.18864488602
5.60889005661
6.05858302116
5.69164299965
5.39310503006
9.48702287674
6.38847517967
6.10180497169
9.53986001015
6.118268013
6.9465880394
6.47186899185
7.5731241703
8.53638601303
6.47402906418
6.57130098343
10.8694441319
8.37230014801
5.88182210922
7.66042494774
6.67026615143
5.80340099335
8.74793505669
8.18490791321
8.15029096603
7.48288702965
9.37690806389
12.7843811512
6.06384801865
9.07450199127
6.88866090775
11.5661759377
13.6803090572
9.68969702721
9.45403814316
6.97717881203
10.2930989265
6.76358413696
6.31548905373
9.7436978817
6.07913899422
6.29446411133
6.2632689476
8.8809261322
6.11746692657
5.94601106644
7.484115839
9.49085307121
6.47078299522
5.79252099991
6.17156410217
9.88147521019
10.3741240501
6.20265102386
6.80639600754
9.94825792313
6.36175012589
6.01734399796
11.2832078934
7.38937306404
6.38314414024
8.77464795113
7.68033909798
6.9904589653
6.28696799278
7.49323606491
7.78870391846
11.3110780716
6.65817809105
6.3829228878
6.69362688065
6.18886590004
6.01639199257
6.04568004608
6.39303898811
6.90888595581
6.16230010986
9.28639483452
10.9948079586
11.9860470295
6.27989292145
7.59261488914
10.3831088543
10.2975587845
10.1854650974
5.98708510399
8.29202008247
7.95400309563
6.24594402313
6.45450186729
8.79431414604
5.67970991135
6.91666197777
5.5690510273
7.30415201187
5.96634793282
12.3917551041
5.78620409966
5.21822190285
5.96549797058
7.38328790665
5.59950113297
5.97530007362
6.39640593529
6.30434513092
5.96399497986
5.69307303429
9.81601905823
10.1159789562
12.4548559189
6.33342194557
5.86591410637
9.64305591583
8.16322803497
9.47524380684
13.0773260593
7.40014004707
6.61402416229
12.3898260593
6.47140312195
5.77637910843
9.67252206802
9.27973103523
7.2656109333
7.00537014008
6.45212078094
9.59922003746
7.54056310654
11.0865650177
6.56841897964
6.56938481331
10.1866919994
6.66814494133
6.09564709663
6.77067995071
6.06474614143
10.9831619263
7.37046694756
6.68935990334
6.86932587624
5.9803519249
6.19448685646
6.27214503288
5.969632864
6.78643894196
6.18948411942
6.37619400024
10.274435997
7.5048251152
6.74846601486
6.68623995781
6.82238507271
11.3419630527
7.38205313683
8.6054019928
6.27457213402
8.37372803688
7.11596798897
8.4529747963
7.49163007736
6.28781890869
6.28689002991
7.18596291542
9.10423183441
5.98777484894
6.66651201248
6.70270705223
11.361333847
8.27487397194
6.89566612244
7.79342007637
8.67640209198
12.8886368275
7.98070788383
7.5920279026
6.59076094627
10.8862249851
11.4190981388
6.76028418541
7.40769290924
6.1604578495
9.88811302185
7.48743510246
11.4965372086
11.7475528717
7.22522711754
11.0899560452
8.00462794304
11.2761669159
12.5877399445
10.58137393
6.78731918335
6.39708685875
10.6837069988
6.18430709839
6.3111371994
6.06751489639
6.28493905067
8.22655582428
6.66157913208
6.58555316925
7.78599190712
7.80239105225
6.9806330204
6.91721105576
5.86437511444
7.68421602249
6.71293401718
6.83564996719
6.45863699913
6.83338999748
5.92790603638
8.76174998283
8.96662902832
9.56873989105
10.8814818859
6.85863900185
6.78070402145
6.85147094727
9.07611513138
8.60006093979
6.25114703178
6.56360197067
9.5894010067
9.26078391075
8.1151599884
10.4344689846
11.1741080284
9.07822823524
12.2745468616
7.07013320923
8.68923306465
7.57176589966
6.37223792076
6.28820014
8.9525179863
9.79233407974
6.97556400299
7.09046387672
8.37555193901
6.20212888718
6.25510907173
9.28743696213
6.27373695374
7.38295698166
6.8833668232
8.27725195885
7.99763393402
6.57776594162
7.97601413727
8.11101412773
7.0489821434
7.98657178879
11.4692881107
7.2015709877
6.01513195038
8.44832110405
6.58215689659
8.3022210598
6.67093515396
10.6827340126
6.59048008919
8.49194812775
6.77743506432
8.9668109417
6.80411911011
7.0270678997
7.64897704124
6.18254613876
6.48364686966
6.9081761837
12.4688899517
7.09500813484
7.19460105896
6.17507696152
10.2843148708
7.4175350666
6.16350793839
6.48777794838
6.27645897865
6.79297494888
7.10052108765
6.84924292564
5.92255496979
6.54014110565
9.02424788475
5.48886299133
6.60487389565
7.38067889214
8.90581512451
8.78317189217
10.0616459846
5.50198507309
6.51339101791
5.76874303818
6.27047300339
6.00942015648
6.04355096817
6.65224504471
7.5439081192
11.2898840904
9.69019794464
9.29045295715
8.8152821064
7.59084391594
7.75773000717
7.13075900078
8.2695248127
6.4193520546
8.03225803375
6.92347502708
6.49142789841
8.86688494682
6.27095794678
6.15607094765
6.52932906151
6.90086913109
9.84361195564
5.96635293961
6.97508406639
7.26431488991
8.27474498749
8.77535104752
7.49569606781
6.78101205826
6.94982504845
7.89716601372
7.25238108635
6.47784805298
7.0787768364
10.573251009
6.36797189713
5.98418188095
11.5660018921
7.4797680378
7.48591899872
8.46950793266
6.87935614586
9.48232293129
12.0727858543
6.98541903496
10.1776759624
9.79885601997
5.78267383575
13.3692851067
7.47054195404
7.01851797104
9.26398205757
5.8824160099
6.15982198715
12.8209760189
13.5516700745
8.67644500732
7.18530106544
6.60267901421
6.46113801003
6.09812283516
7.98154497147
9.18183708191
6.28501391411
5.89176797867
6.18771409988
6.03421092033
5.85473513603
7.75420689583
6.78229403496
6.28848791122
8.19995498657
6.67190718651
5.98659896851
5.80000805855
8.37761902809
5.98267412186
7.89274287224
7.08327198029
6.89704203606
6.37818717957
7.39701318741
7.57950091362
6.5847389698
6.18926286697
6.38155293465
7.09515714645
8.28111886978
7.58572602272
5.88998484612
9.38717198372
6.98835396767
6.98957705498
9.10121011734
8.52815699577
9.28760886192
6.47644591331
6.20621609688
9.67219495773
6.49001288414
7.79632687569
6.1881878376
13.0753998756
10.9930160046
5.89335894585
5.98527193069
13.7896101475
10.2896611691
6.88594985008
9.23723196983
9.25399804115
10.6801469326
6.42441678047
9.42834806442
8.46065711975
8.54429793358
7.28752112389
9.55785989761
8.48906707764
7.23578500748
8.67299008369
13.5748000145
10.0588738918
8.68103694916
6.46523308754
5.76942396164
12.4820799828
7.17413210869
9.56891202927
10.6966459751
9.55273914337
6.28311920166
6.06606912613
10.4807109833
8.06720614433
8.88894295692
8.26937508583
10.2154390812
6.83159303665
6.08165693283
7.99121689796
6.26806879044
6.19817519188
6.4505879879
11.5753920078
8.40742611885
7.42831206322
8.60778594017
6.90552210808
7.85837697983
9.2829709053
9.0880920887
6.25790309906
11.4931612015
9.89408707619
9.66196203232
15.4870009422
11.6655678749
12.1057960987
9.37827277184
7.08017301559
5.3949611187
9.09128499031
8.08178186417
9.89745402336
11.0748009682
8.78247404099
8.28261899948
6.38294696808
6.3948431015
10.1811299324
10.7017769814
6.0717048645
7.95609807968
6.01681017876
7.29427218437
6.45836091042
9.20811605453
6.89021611214
7.00677490234
7.50794291496
7.25287699699
10.4928269386
13.1717479229
6.29487586021
8.40654110909
7.56374001503
10.5867021084
10.9865469933
6.2108271122
8.56815004349
7.09085583687
7.88104891777
7.30566906929
6.88280797005
6.81164503098
9.45927906036
11.0140907764
7.55947780609
7.59709000587
10.8966870308
6.37542080879
5.80362892151
10.0782549381
5.82707095146
6.26165795326
7.26871705055
6.70463109016
11.1024851799
8.03267288208
6.81777000427
