Experiment Results
3.57853007317
4.28827905655
3.61522698402
4.17922496796
4.01330399513
3.989839077
4.49742412567
3.81474900246
3.59366106987
4.09236001968
3.83142399788
3.79057097435
4.17116713524
3.89257407188
4.0039331913
4.10692596436
4.27835798264
4.28361010551
3.72487998009
3.90259480476
4.39698886871
3.99275898933
4.00276088715
4.29944896698
4.00063109398
3.99530220032
4.19639492035
3.80972290039
3.59246683121
3.99649095535
3.70115089417
3.69697284698
4.10629081726
3.80142092705
3.89490199089
4.29292321205
4.40570306778
3.80833506584
3.8788189888
3.90114998817
3.82474994659
3.67154288292
4.19764900208
3.92542004585
3.58156609535
4.49375796318
4.19386100769
3.7108309269
4.08864808083
4.20068216324
3.89859104156
3.80068492889
3.79357600212
3.99631619453
3.61549806595
3.79481101036
4.39292001724
4.20269393921
3.89343595505
3.89965200424
4.71008896828
3.78715801239
4.30280399323
4.11696910858
3.57622909546
4.4016149044
4.19932198524
4.59342217445
3.70499897003
4.08873200417
4.00195908546
4.20040607452
4.02978801727
3.88330602646
3.69281101227
4.19293689728
4.00528287888
3.48910999298
4.79835891724
3.59895801544
3.39626002312
4.32470488548
4.27592301369
3.49557518959
3.79904198647
3.69014406204
3.71190786362
3.79683303833
4.11603498459
3.8791809082
4.30383396149
4.29369401932
4.00216794014
4.10905599594
3.78587007523
3.79471707344
4.10105895996
4.01132106781
3.88590598106
4.20714211464
4.49445009232
4.13248515129
4.58783221245
3.77246594429
4.10849094391
3.87487006187
3.91730499268
4.33249521255
4.16323113441
4.41380596161
3.55581188202
4.10077285767
3.89576005936
4.29015779495
4.10653805733
4.2017390728
3.88809490204
3.6084830761
4.28998494148
4.01026797295
3.98732185364
3.49617290497
4.201816082
3.6011698246
4.01385688782
3.98071599007
3.90077400208
4.50201106071
4.18970489502
4.57509088516
3.80589604378
4.01820111275
4.19520902634
3.93915605545
3.86800718307
3.49416089058
3.69563317299
4.60318398476
3.80705690384
3.68559002876
3.93215799332
4.26687192917
3.90114498138
4.41258716583
3.58058905602
3.69373297691
3.62466001511
3.67858195305
3.69298315048
4.10032200813
3.89940714836
3.89927911758
4.50788402557
4.49056601524
3.82458281517
4.27047586441
3.81581497192
3.78304314613
4.01075696945
4.1140639782
3.97727203369
4.120429039
3.4696969986
4.5112991333
4.29157400131
4.00090193748
3.79215097427
4.10880208015
4.01515483856
3.499106884
3.96777701378
3.90847802162
3.99777603149
3.40494799614
4.18841004372
4.60702300072
4.38729715347
3.89841794968
4.20748209953
3.88965201378
3.89823889732
3.81950378418
3.98135399818
3.80391407013
3.99594402313
4.29360508919
4.20499014854
4.10888195038
3.91463685036
3.36824798584
3.80518388748
3.41183686256
3.49331402779
3.78422999382
3.99478411674
4.1059281826
4.09896707535
3.79193997383
3.90211296082
3.90716290474
4.49059295654
4.02786922455
3.56681084633
3.13437509537
4.06967020035
3.99156117439
3.89790821075
3.97613596916
3.92878103256
4.01495099068
4.27877783775
3.69149708748
4.10215306282
4.1101038456
3.88732886314
5.10432696342
4.49759793282
3.88993811607
4.2090420723
4.28736209869
3.90842700005
3.80219912529
3.60539603233
3.81476306915
4.07571792603
3.4874329567
3.49905705452
3.50634407997
4.08811402321
4.01745915413
3.78855895996
4.19892811775
3.88994693756
3.90111899376
4.10350894928
4.43333697319
3.75760293007
4.00174999237
3.80962896347
3.88818907738
4.04703402519
3.87421894073
4.07556295395
3.68273687363
3.94188594818
4.37660503387
4.49003982544
4.39721012115
4.19911503792
3.70016717911
3.93864202499
3.96736097336
3.79077911377
3.63690686226
3.65749716759
3.99641704559
3.40973210335
4.21222519875
4.18029499054
3.69830489159
4.10755610466
4.29170608521
3.79635691643
3.69866704941
3.99813985825
3.69817614555
3.59767913818
4.00045990944
4.13124895096
3.86668801308
4.19760489464
3.59987211227
3.79597115517
3.89842510223
3.90450716019
3.88598394394
4.40574193001
3.60115003586
3.99964213371
4.39580893517
3.49806809425
4.20195603371
3.70150995255
4.00068020821
3.51365399361
4.48269510269
4.19497418404
4.41811084747
4.57206702232
4.02184987068
3.67546510696
4.11121487617
3.78979897499
3.49328517914
3.51281690598
3.82628512383
3.17511987686
4.22159695625
4.06009793282
4.12152099609
4.49762296677
3.98085403442
4.4111790657
4.08373117447
3.79912018776
4.39643716812
3.90431308746
3.67627215385
4.32529377937
3.66669893265
4.12919998169
4.21111512184
4.08422803879
4.12132406235
4.26600217819
3.90955495834
3.91878199577
3.7818031311
4.10039806366
4.3893930912
3.89811611176
3.90275216103
4.79896378517
4.20848894119
3.78508090973
3.62941002846
3.40905690193
3.67471504211
3.7077050209
3.88558292389
4.28845000267
3.80422401428
3.90433597565
4.09315490723
4.00212907791
4.18476295471
3.41986894608
4.36269283295
4.33048701286
3.9870390892
3.79573583603
3.40068602562
4.19496488571
3.9026350975
4.00850391388
4.08812713623
4.00291895866
4.7241768837
4.15797495842
4.13409304619
3.97310400009
3.80241298676
4.1007399559
3.99752497673
4.22931003571
4.26542210579
3.89950895309
3.30120992661
3.89428019524
4.20557689667
3.70523309708
3.98447990417
3.30153894424
4.20649409294
3.88915801048
4.00121092796
3.99435782433
4.19782805443
3.8359849453
4.27671790123
4.08589100838
3.90236902237
3.89443612099
3.93442797661
4.07421994209
3.69272303581
4.20621490479
4.30401802063
4.29182720184
3.89985203743
3.82173800468
3.67263793945
3.69578790665
4.10059404373
4.095443964
3.90076112747
3.90807914734
3.78439092636
4.59774899483
4.60141396523
4.19561100006
4.30199503899
3.60499310493
4.39004206657
3.89621710777
4.30156302452
4.10234904289
3.69428801537
3.50140094757
4.09635090828
5.20844006538
4.09712696075
3.99066901207
4.19813704491
4.20119214058
4.09786701202
4.40038609505
3.80483102798
3.59648895264
4.31093883514
4.18930411339
4.18819212914
4.0077559948
4.09883213043
4.09629702568
4.09560203552
4.30695104599
3.88305997849
4.10519003868
3.71315002441
3.88819003105
3.81257510185
3.58771705627
4.09009599686
4.3056371212
6.18993091583
4.50077390671
3.5083990097
4.40105104446
3.77904009819
3.99960398674
4.03086996078
4.17878603935
3.99727487564
4.69129705429
3.79775094986
3.90096592903
4.69573092461
4.40466618538
3.90283799171
3.99853515625
4.1965880394
4.50288391113
3.48398995399
4.52072000504
4.09398007393
3.99134778976
3.99718999863
4.09629893303
3.70267796516
4.00167989731
4.59216094017
4.20760393143
4.18755698204
4.10967993736
3.98951387405
3.59613204002
4.20104312897
3.43399310112
3.86745595932
4.49674510956
4.00296115875
3.79865002632
4.39394593239
3.69769191742
4.10509490967
4.81461000443
3.79948997498
3.77388119698
4.29887008667
3.7030069828
4.50115418434
3.99165797234
3.39800095558
4.01992106438
3.78775691986
4.30191111565
4.09552598
4.09974598885
3.52982401848
3.95571303368
4.42033004761
4.6839621067
4.19171500206
4.40127897263
3.69460105896
3.60150504112
3.82534098625
4.86999511719
4.50409412384
4.50291085243
4.11522316933
4.0037419796
3.86863899231
3.81499099731
3.70838093758
4.17157793045
3.80772900581
4.19794297218
4.09157705307
4.19436192513
4.02296805382
4.38387107849
4.49383497238
3.81381011009
4.40623998642
3.87361311913
4.30640482903
4.60189795494
3.90365099907
4.29984498024
3.81568408012
4.07029700279
3.89604783058
3.7340528965
3.66972398758
3.8909881115
4.49789595604
4.80920100212
3.99984312057
3.80108618736
4.08649086952
4.19464802742
4.30112099648
4.2057800293
4.09469604492
3.89876198769
4.19216299057
4.19403195381
3.90923309326
2.99519085884
4.02229404449
3.87365317345
4.93264818192
4.0830988884
3.90698194504
3.57247304916
3.71515202522
4.01020789146
4.67157196999
3.88686609268
4.10480213165
4.315335989
3.9961411953
4.09332299232
3.59416604042
3.99715185165
4.3021709919
4.59794402122
3.88978004456
3.81021690369
3.8686029911
4.12204003334
3.60737299919
4.29521608353
3.69087600708
4.20536589622
3.9915099144
3.99972891808
4.20768404007
4.20131802559
3.68547391891
4.2990860939
3.70005393028
4.03560495377
3.6854557991
3.69263792038
4.07774996758
3.90248513222
3.79472398758
3.7016890049
4.11799716949
4.17699098587
4.31267786026
4.38656806946
4.10327601433
4.18892097473
4.01451992989
3.88701605797
3.90042495728
3.80353689194
4.39578199387
4.39525485039
3.69580006599
4.20313596725
4.89484000206
4.01260781288
4.39435482025
3.67020082474
4.22169208527
4.10761499405
4.48880290985
3.90041399002
3.90433883667
4.16661405563
3.81387090683
3.82644200325
4.08989810944
4.29357481003
4.02520084381
