Experiment Results
5.24410104752
6.88486981392
5.97339200974
5.10505390167
7.06319189072
4.97294092178
5.0909049511
5.7200191021
5.10737895966
8.35129594803
5.57770204544
8.94540309906
4.89726400375
5.86238098145
5.32264995575
5.0406870842
5.1987490654
6.63844180107
5.50458097458
5.41893386841
5.44137406349
5.22050499916
5.47367691994
9.47553682327
5.76132512093
5.19749999046
5.67726182938
6.30691504478
5.29469299316
6.03746604919
6.94413089752
4.89871501923
6.27416801453
5.61143708229
7.47135019302
5.46054387093
5.39122319221
5.77975702286
5.56955814362
5.29528093338
5.41224598885
5.43150496483
8.2405462265
12.458935976
6.05308389664
5.60317993164
6.35662698746
7.01532196999
5.35181808472
12.8045129776
4.88851499557
11.9976789951
5.66511583328
5.79977893829
5.78118395805
5.35575890541
5.63176298141
5.45163106918
5.61082220078
4.86594486237
20.3905701637
6.07679986954
6.48448419571
5.39396286011
14.2180879116
6.35292696953
5.92757511139
9.16660189629
5.59879517555
5.48393201828
5.15740990639
6.18410992622
5.30756187439
5.35553407669
5.34587812424
6.36715698242
15.4821360111
17.1554410458
8.51629590988
7.1205599308
18.4502739906
6.91520404816
4.99327993393
5.67156600952
5.38644313812
10.1785578728
5.49150300026
6.68702411652
8.41761803627
5.55904507637
17.9161880016
19.8958950043
5.57395982742
7.37165093422
5.18494105339
6.98986387253
7.43026995659
7.28286004066
5.05613398552
5.23979592323
6.55043888092
5.54852318764
8.51421189308
5.65771698952
13.2221741676
5.17313885689
5.35592508316
5.51627993584
5.53259396553
7.59432983398
5.77666187286
8.03709483147
5.2844119072
6.19302797318
5.05901312828
6.05142498016
18.8119010925
7.84350800514
6.24842095375
4.92375898361
4.78033590317
5.97896790504
5.33855390549
5.57830190659
6.79817891121
5.45348501205
5.3781709671
6.27548885345
16.6802470684
7.67562103271
6.38186216354
4.97148895264
4.78305387497
5.49639511108
7.62276101112
6.33749198914
5.00144600868
6.45628714561
4.87976503372
5.30005288124
10.485779047
5.07192802429
5.78013586998
6.4694108963
5.99579691887
7.15204405785
4.84350895882
16.9409341812
22.8952360153
6.58281993866
6.80852007866
8.15804409981
5.98038196564
6.80061006546
7.5599091053
14.3832190037
16.999464035
5.59176683426
23.9981667995
5.49724507332
13.57315588
24.4566669464
6.24393701553
5.31564378738
5.09654116631
5.88063406944
5.72158503532
5.27215600014
5.59258890152
5.9648141861
5.1050350666
7.3559179306
7.93650698662
5.38744497299
6.69050812721
7.07943916321
6.17382407188
5.39510393143
5.69541597366
5.78685903549
10.7643120289
7.28461098671
5.3808028698
9.61633419991
5.75961017609
5.58763504028
5.09335112572
6.37798094749
7.45495891571
5.23817396164
5.50364899635
20.2734720707
5.6876578331
6.0870821476
5.67223906517
5.30939602852
5.59167909622
4.89777088165
12.8717019558
6.78354215622
8.86924910545
6.73129081726
11.2581279278
6.34627890587
6.38479614258
7.95107412338
7.30519104004
8.56090211868
6.51794219017
7.38047885895
8.37595415115
5.83631706238
7.07186818123
7.00215601921
5.459004879
41.5810530186
29.5507051945
8.01487207413
8.9876909256
9.66682505608
5.8128528595
7.2148809433
5.60609507561
6.45693302155
13.8263151646
5.60254001617
6.60193920135
5.54360890388
6.89433789253
7.01351284981
6.68531990051
39.6527938843
25.9608049393
5.37634897232
30.7141981125
6.01453495026
8.21512293816
5.98312902451
5.6149020195
7.13982319832
20.419260025
4.98447394371
6.34412097931
29.9957060814
6.19301199913
7.42480802536
22.2558529377
7.60346317291
5.94273400307
18.7069261074
27.6442329884
5.67902398109
6.2369248867
14.4611017704
5.99002385139
6.31715989113
12.9504730701
5.07143115997
5.50856614113
5.38098287582
19.8571000099
11.9992189407
6.08162403107
11.0840098858
5.07770609856
5.58340620995
15.5317089558
12.6938300133
9.84024810791
5.2958650589
7.77585697174
5.42738008499
5.16376686096
5.50070118904
5.07322502136
5.27287912369
5.15652799606
5.12112092972
9.18747901917
5.80388092995
4.88017892838
6.78868889809
7.91047501564
4.85728406906
6.49483084679
5.29388904572
5.21697187424
6.40621185303
5.57899785042
4.95863199234
7.19682097435
6.06694507599
6.79144382477
5.48699903488
5.72262096405
5.35674095154
6.08426094055
6.72692203522
5.47790503502
17.8502409458
18.9497568607
7.39704298973
5.51910400391
5.82697200775
5.62348413467
6.36720395088
5.67032289505
5.33402585983
5.67159795761
4.954859972
4.79999399185
16.1916790009
14.5519280434
5.47563099861
6.15969204903
5.06219911575
7.47345900536
6.37958407402
5.4918589592
13.5173010826
5.74906897545
5.92981600761
5.39118695259
5.69246006012
6.24003505707
6.97459220886
38.6112830639
7.26695299149
5.15143108368
6.68213796616
6.68097901344
6.06976413727
5.47297811508
5.41425800323
14.9915828705
6.89973115921
5.62220191956
6.02866315842
9.55053687096
5.75037097931
7.19315290451
5.18307590485
5.58931493759
21.8059298992
6.0513010025
5.07438397408
5.78854107857
17.0760440826
5.3039059639
7.58801293373
4.98173499107
6.60811710358
11.1559369564
5.99746799469
13.6905798912
6.20352292061
7.94274687767
5.29256796837
5.19479990005
5.49311804771
6.10125088692
8.14756417274
23.7186081409
6.47548007965
6.77125191689
7.50807499886
5.67085289955
8.71333193779
6.35832285881
5.53517198563
7.74410390854
5.51556897163
10.5876681805
6.34800291061
6.0145418644
14.4951500893
5.76697683334
5.21969485283
4.76348280907
6.66718006134
5.48663902283
5.45519900322
5.29871296883
5.41507291794
4.89556789398
5.29020690918
6.26810693741
5.10056900978
6.04223608971
6.20324993134
5.46119594574
6.18977403641
5.1287419796
5.2108631134
5.57628297806
5.1261639595
5.48023104668
5.67430615425
5.29732012749
17.8953580856
14.5169358253
7.74713206291
6.80834507942
6.34367394447
5.85048294067
6.45319700241
5.38451099396
6.05106687546
5.26106500626
6.73151302338
5.51750612259
5.07495999336
8.73814415932
5.60323190689
5.77814102173
5.54329705238
5.26099205017
10.4122171402
5.68973708153
13.439688921
5.7740111351
5.38160085678
4.98085188866
11.6175780296
5.323127985
6.21321392059
5.74573016167
6.30396008492
6.29278206825
6.78520607948
20.8357708454
26.0950939655
8.23676419258
33.7819838524
10.9891049862
5.89427709579
6.7398788929
5.7928249836
5.97703790665
7.14129590988
8.5560529232
6.15368199348
12.5384550095
21.9308559895
4.96147298813
11.8006029129
5.87146496773
9.0167081356
5.49555897713
6.26375102997
6.8894071579
7.62782788277
6.41795611382
6.23721694946
10.4299099445
8.21742606163
6.36201810837
5.45819187164
5.79279398918
6.39517092705
18.7118580341
6.75047898293
6.12004899979
5.5875620842
6.31671500206
11.4299380779
5.29259300232
17.314332962
12.7953629494
10.1956520081
6.64389801025
6.40316295624
6.19200897217
6.46079397202
6.62192702293
7.01123809814
6.39329981804
6.90433502197
7.49706602097
6.80198216438
6.61681294441
6.50486421585
5.6591861248
5.670181036
7.09265494347
5.28095006943
6.28752303123
5.31887602806
5.35422205925
5.59731006622
6.70582795143
10.6694970131
7.42562699318
5.64770698547
12.8252770901
6.63532686234
6.30675911903
8.14009094238
5.34017205238
7.51060199738
18.9454619884
5.47909593582
8.15239715576
7.05297803879
5.24558401108
6.5558578968
7.85574507713
5.56949996948
6.06627511978
8.08678102493
29.9344308376
19.3768770695
7.09252309799
11.6687591076
5.46410608292
7.89888501167
9.3379278183
31.1819241047
18.0288059711
26.7950680256
5.17693090439
5.67688703537
5.91779589653
7.16738080978
6.47364997864
6.34455084801
5.08035707474
9.90196990967
6.35560488701
8.48025178909
7.88296914101
6.69514489174
7.65772509575
5.56588220596
6.19757986069
7.56400680542
6.32608485222
5.72691702843
6.28865981102
5.88951897621
7.2737660408
6.80231499672
6.7563419342
5.81871199608
4.83938908577
9.57065415382
6.55924797058
38.1400868893
14.916339159
8.13483381271
6.31081104279
6.65557909012
6.97692108154
6.39566802979
6.02421593666
7.74659204483
7.01615786552
7.84866213799
5.71762108803
5.65284395218
6.27065992355
5.73716902733
5.47736096382
5.37349486351
5.22057390213
6.5453350544
5.42253303528
5.29576587677
9.30242705345
5.85089683533
5.36260104179
7.2956700325
5.40339398384
5.65923595428
16.3032121658
8.57902216911
20.8201789856
6.17258501053
6.19620013237
8.02220392227
17.6607549191
8.07081389427
7.88800907135
23.4776291847
5.48688793182
6.17642807961
5.85631513596
6.84283399582
11.4427511692
7.52961492538
6.37173914909
5.59561109543
5.63303804398
5.46134996414
5.97677302361
6.48998594284
5.68894791603
5.94063806534
15.1480960846
5.07868289948
