Experiment Results
4.9523999691
4.5060968399
6.3668410778
4.51502895355
4.76945710182
7.45371699333
5.27926492691
5.74700808525
4.57768201828
5.96404600143
4.85457396507
4.26793599129
4.98053908348
4.96701693535
4.67840504646
5.59517502785
5.54485321045
6.1844189167
4.76571512222
5.07322001457
4.79371905327
4.77040696144
4.46979212761
5.08061313629
5.38383293152
7.95011305809
5.27410888672
4.88663506508
4.46541190147
7.69311094284
5.38337993622
4.45602989197
4.67136001587
5.70918083191
6.9571750164
5.7961499691
4.48023796082
6.25411009789
4.79594302177
4.38037896156
6.90132594109
4.66718792915
4.56055092812
5.98626494408
4.6808860302
4.98772597313
4.87435603142
5.50005698204
7.86480998993
4.09747004509
4.97640705109
6.90063309669
4.46536397934
4.89315485954
4.49780392647
4.37194180489
4.99340796471
5.5674021244
4.51305699348
5.56351399422
4.60828113556
5.76184177399
4.68914198875
4.40142297745
5.80363702774
4.75741696358
4.89969110489
4.67673993111
5.18664884567
7.69545888901
4.88083600998
4.38577985764
6.89902591705
4.57089400291
4.49585008621
4.98369503021
4.5855550766
4.40141391754
5.47109794617
4.2883040905
4.58903717995
4.68760299683
4.78916406631
4.78423309326
6.50032687187
4.89177703857
4.28280997276
5.68650913239
5.48272800446
4.39505910873
5.48083806038
4.39134812355
7.20167016983
4.68273711205
4.28602790833
5.58685994148
4.39103198051
5.08862185478
4.49118995667
5.89709711075
5.0998749733
4.92383003235
6.33895301819
4.73918914795
4.68485093117
5.73312997818
6.86685705185
4.68608498573
5.8542599678
4.66329193115
4.77120804787
5.47245383263
6.17638301849
4.47094678879
7.26504707336
5.08005785942
4.97669005394
5.16948604584
5.77133893967
4.5930378437
5.15458798409
4.79386806488
6.38013100624
4.35770487785
5.97470808029
4.41739296913
6.74247503281
5.07645201683
4.77084994316
9.37961506844
5.37788581848
5.38678002357
5.38832092285
4.47330713272
10.373939991
5.48167204857
5.87607693672
5.71416091919
8.15734887123
5.07563996315
6.77859306335
7.08830809593
4.37108802795
4.982640028
4.38866996765
4.69758296013
4.75893211365
4.89035892487
5.08852005005
4.27369809151
5.09798121452
5.57368707657
4.58835601807
4.48138308525
9.49103212357
4.60724306107
6.05875587463
4.6890809536
4.98652791977
5.28260207176
4.68864798546
5.28652405739
4.18885493279
4.7839050293
4.5093960762
6.56828093529
4.49214911461
4.47923016548
6.08550596237
5.01738619804
5.86116099358
4.79462599754
4.68809890747
5.55699110031
4.81183409691
4.38337016106
4.68913507462
6.38828110695
4.9904589653
5.11297702789
5.16206502914
4.18975090981
4.49113202095
4.7955160141
4.80219507217
4.47808885574
4.70977020264
4.68628311157
5.05270910263
4.59473109245
4.7863509655
4.84238100052
4.64486408234
4.88363194466
4.08721208572
5.7851421833
4.60456204414
4.63565921783
4.53498601913
4.79178285599
5.20692610741
4.55293011665
5.52037191391
4.41977000237
4.94781017303
5.09645795822
5.13234496117
4.88035798073
4.37358212471
4.30692100525
5.34447097778
4.65092301369
4.46877408028
5.27812194824
5.09186911583
4.45023679733
5.17705202103
5.57032394409
4.66459298134
6.81079411507
6.54696297646
5.88571596146
5.06339907646
5.1696100235
6.06908917427
4.37542819977
8.78761291504
5.56291985512
9.4745850563
5.48491621017
6.40967798233
4.64371800423
10.4966459274
4.76174497604
5.08084893227
4.99546504021
7.57957792282
4.47103905678
5.19648885727
6.29998207092
7.05085611343
6.97543215752
4.29114580154
5.47774410248
4.88876318932
4.56751918793
4.48598194122
7.88026809692
4.68882417679
5.28466296196
5.27914404869
6.49179887772
4.97408986092
4.99423599243
5.67936015129
8.29595208168
5.48055505753
5.78342795372
5.21712112427
4.66761302948
6.47508096695
5.78598189354
4.18813991547
4.4132900238
4.35926198959
4.88907885551
5.78890895844
6.48880791664
4.48488688469
4.58358597755
6.98857903481
5.30008912086
4.75782012939
4.80869102478
5.31949305534
4.65826797485
5.18387103081
4.4892270565
4.69205307961
4.79066085815
4.70630192757
5.37775111198
4.97399616241
4.78600001335
5.20442700386
4.77759289742
4.57711601257
4.69296193123
4.4896709919
4.79045319557
4.58847594261
5.03111481667
6.37979698181
4.589427948
4.15350580215
4.49867200851
4.37985396385
4.49280905724
5.69137692451
4.6861000061
7.70865011215
9.52247810364
6.35861706734
5.42108106613
6.0557050705
5.86167693138
10.1611201763
6.37839007378
7.17060399055
6.86573386192
4.78934693336
4.84751987457
4.69298696518
5.85131001472
4.78118014336
4.87351799011
4.66964101791
4.87817788124
4.66997504234
6.58371782303
8.08956503868
5.6579887867
4.4013428688
4.74323010445
7.28004193306
5.58150315285
7.28564405441
5.47924995422
5.88148403168
5.57264900208
5.06354904175
6.27989292145
4.89747405052
5.47347283363
6.18559098244
4.36294293404
4.38459396362
5.17677402496
4.48466205597
6.19218492508
6.97304797173
4.58258008957
4.78476810455
5.27435112
4.68022704124
4.98995804787
4.58555102348
5.17012906075
4.38378119469
4.58163380623
4.68339300156
5.58977818489
4.9829018116
5.31126999855
4.67918300629
5.06863284111
5.30214309692
4.87153100967
4.38527989388
5.09457612038
4.77062487602
4.50051212311
4.50487589836
5.16586017609
4.98810911179
5.57964992523
9.09979104996
4.50563406944
6.2578458786
5.88899493217
4.68866205215
5.48448491096
4.78379487991
4.71093201637
4.69191002846
5.56093597412
5.79304599762
7.18067479134
4.71045279503
4.87536096573
4.18594002724
5.08245420456
5.70305919647
6.27021813393
4.98997211456
4.68991994858
5.18867588043
6.58564686775
5.17219901085
8.41258811951
4.77959990501
4.59964609146
5.27883481979
4.19006299973
4.62195897102
5.05957889557
4.48481798172
5.19305205345
6.1938419342
4.08865714073
6.10082483292
5.82235717773
5.43270897865
4.45125102997
5.05336594582
11.9653828144
5.46182107925
4.77463006973
4.65900015831
4.48834395409
7.15206599236
4.2714009285
4.47510099411
7.07211089134
5.67373895645
5.17955589294
5.08097314835
6.55953598022
5.76601409912
6.07507395744
4.48264098167
5.18599200249
4.46178793907
6.47009801865
6.07452392578
5.38748216629
5.97939705849
6.16940999031
5.07875108719
11.9738049507
6.57894992828
4.58365297318
4.77284789085
4.18493390083
4.87130498886
4.67759990692
4.49444890022
5.67047095299
4.68766283989
5.27674293518
9.28372001648
4.6808989048
5.08335518837
5.98185610771
4.87745714188
4.58557391167
5.38411688805
5.27781915665
4.81452703476
4.85762095451
4.38524103165
4.48147916794
4.69721698761
4.1712501049
4.21504306793
4.77675700188
5.77858114243
5.18696689606
6.07970190048
4.48219895363
5.18792510033
4.9951300621
5.47130203247
8.39055490494
5.88694214821
4.89562177658
5.6915128231
5.37090992928
5.58258605003
5.0888478756
4.79300689697
5.58931684494
4.49521207809
5.78622603416
5.87672996521
4.88780999184
4.70146298409
4.97732996941
4.5940258503
5.78636598587
4.57776689529
4.68500900269
4.78850388527
5.09109687805
4.8199839592
4.55769109726
4.49179697037
5.187915802
5.8044128418
5.17638492584
5.0875620842
4.78752112389
4.68530011177
5.58859801292
4.38779687881
4.78815698624
5.00760316849
4.77580499649
6.91728401184
4.7947280407
5.77756595612
9.79689288139
6.75743699074
7.25223016739
5.15090107918
4.98548316956
5.43518280983
5.27013301849
6.59875893593
8.25557208061
6.06092309952
6.37279200554
6.86535811424
7.18531084061
4.49721598625
4.66522502899
7.14711904526
6.07380199432
4.46789884567
6.30709600449
4.95142412186
6.38215303421
8.46418595314
5.37529110909
6.37103199959
4.68640589714
6.16496920586
4.70879292488
6.44239902496
5.96785116196
7.98012709618
5.57961010933
6.17558288574
4.88175797462
4.98251795769
4.67844581604
5.18968987465
5.87118291855
4.61543798447
5.25028586388
6.39643406868
4.67793416977
4.26565599442
4.58394098282
4.37926101685
4.87171792984
7.09434509277
5.25510811806
8.03039598465
4.58335995674
4.77237701416
4.58856105804
4.59672689438
4.78060412407
4.38034296036
5.4823589325
4.3985118866
4.57881903648
5.37944793701
4.7826499939
4.59316301346
4.68873405457
4.87748813629
4.39353489876
5.2774169445
4.12565207481
4.84895992279
17.4157109261
4.95936203003
4.48512101173
4.50678896904
4.40264081955
4.888215065
4.46857905388
4.87691307068
4.69192886353
4.57212519646
5.31168103218
4.490254879
5.27696299553
5.58770608902
4.60676789284
5.29977703094
4.3569688797
4.88627386093
4.59079194069
4.68831992149
4.58831906319
4.28942489624
4.61015796661
4.47467803955
13.5929470062
6.77425980568
9.09348011017
4.99143719673
7.88390684128
6.09009814262
5.50268888474
6.47340893745
4.39312314987
