Experiment Results
4.1211578846
4.30487298965
4.30100798607
4.01247692108
3.79553699493
3.67760396004
3.49903917313
3.82418823242
3.19397091866
3.4855761528
3.66830897331
3.90856313705
3.74649500847
3.59391784668
3.69457101822
3.68433094025
4.09339904785
3.79780387878
3.39883780479
3.62636423111
3.7291738987
3.33691191673
3.50313687325
3.90584087372
4.0901529789
3.80572295189
3.71457314491
3.69019794464
4.11494994164
3.97724795341
4.02802205086
3.86196804047
3.60534620285
4.37886810303
3.51697516441
4.00751590729
3.3807220459
4.01624298096
3.59070515633
3.69723010063
3.80306100845
4.11954283714
3.66832709312
3.99987602234
4.02848792076
3.65998792648
3.62013697624
3.78813290596
3.88918590546
3.71103596687
3.89468193054
4.1053879261
3.89514684677
3.79532694817
3.71965312958
3.68221282959
3.70043206215
4.10038089752
3.49283409119
3.99465918541
3.810131073
3.8852751255
4.13881993294
4.167345047
4.08843207359
3.81432199478
4.18935108185
3.81281208992
4.1895198822
3.99732017517
3.8937869072
3.89763903618
3.71677207947
3.88994288445
4.09642887115
3.58657312393
4.41957402229
3.88889503479
3.89191412926
3.99437093735
3.79597020149
3.51572489738
3.69017195702
3.80665612221
3.60912489891
3.17794299126
4.09660005569
3.40217399597
3.90046596527
3.9950928688
3.61299204826
4.2583861351
3.56597399712
3.96336317062
3.69220209122
3.81070995331
3.79107379913
4.2022960186
4.04126000404
3.72080898285
4.08878898621
3.71738409996
3.99457120895
3.99914813042
3.49970698357
3.8948559761
3.88647603989
3.9068031311
3.99960708618
3.50427889824
4.49582695961
3.79927802086
3.99235987663
3.91654896736
3.98218512535
3.78538680077
3.67863106728
3.49949717522
4.52788496017
4.28053188324
4.30562400818
4.08039498329
3.69890403748
3.3982231617
4.00837802887
3.80759596825
3.6787648201
4.29115605354
3.83883309364
3.9647898674
3.3998670578
3.75278806686
3.65678501129
3.68214988708
3.60023498535
3.69807100296
4.20510196686
3.59216284752
3.90695881844
4.60399985313
3.59804201126
3.90637516975
3.58378696442
3.92079210281
3.8982360363
3.3749871254
3.69200778008
3.90394306183
3.89264512062
3.89989209175
3.7240421772
3.85483503342
3.68523406982
3.90402007103
3.99843716621
3.99054884911
3.91201686859
4.08540201187
3.80701708794
4.10603904724
3.78497004509
3.87838697433
3.34913611412
4.26480197906
4.00125098228
3.9024939537
3.85288119316
4.54318809509
4.09595608711
3.39595580101
3.80329704285
3.79726696014
3.81340289116
4.39212298393
3.79567408562
3.49649500847
4.00893998146
3.68058204651
4.20587801933
4.19593095779
3.59364008904
4.40249991417
4.21151804924
3.89083909988
3.99415707588
3.90236592293
3.79464912415
3.4985730648
3.71082997322
3.48324584961
4.30003404617
4.01071214676
3.78846001625
3.69682216644
3.10402607918
4.10226488113
3.52434802055
3.86781215668
3.89379000664
3.90410399437
3.50315117836
3.47526311874
3.63896107674
3.46946191788
4.10564899445
3.90529608727
3.91290998459
4.08246898651
3.59911179543
3.98618292809
3.59669017792
3.92310500145
4.09868311882
4.44366908073
3.79485106468
3.50222992897
4.09195709229
3.40294003487
4.20358896255
3.30365109444
3.68518304825
3.41526699066
3.59473490715
4.30907917023
3.90148711205
3.38333296776
3.69621300697
4.13146901131
3.98863911629
4.06676006317
4.10688400269
3.38949489594
3.10247802734
3.70824790001
3.50403594971
4.10578012466
4.08172798157
3.91874289513
3.69703793526
4.19637584686
3.57995200157
4.30588197708
3.68585705757
3.92174291611
3.51035904884
3.97204589844
3.88878393173
3.60143613815
3.59824109077
4.10683894157
3.70265603065
3.89655399323
3.79807496071
4.21089196205
3.37056493759
4.33359289169
3.97495794296
3.79503798485
3.79141187668
4.01134896278
3.90164899826
3.59102797508
3.99603390694
4.09344482422
3.60670804977
4.09363508224
3.9992480278
3.56707406044
3.58945298195
3.87923407555
4.12348389626
3.77142906189
4.29153704643
3.67409515381
3.49989008904
4.19927287102
3.90610790253
3.78909897804
3.90531682968
3.1914331913
3.2895860672
3.39805293083
3.9077000618
4.33353590965
3.7618470192
3.80304408073
3.89303016663
3.90261912346
3.39790701866
3.6066532135
3.78461909294
3.59784007072
3.70458698273
4.10655593872
3.98854088783
3.50116300583
3.64566898346
4.04578995705
4.09964895248
4.71063303947
3.78849983215
3.90827584267
3.70608997345
3.77393007278
4.41333603859
3.60999083519
4.07464718819
3.21302318573
4.11116600037
3.57646393776
4.29645895958
3.69829511642
3.6719520092
3.69432091713
3.61275792122
3.81716895103
4.18760991096
3.98615789413
3.60282611847
3.8833899498
3.70288896561
4.01178598404
3.70189404488
3.58351397514
6.00623202324
3.69623208046
3.50687408447
3.9834549427
3.91160202026
3.78780317307
4.09940695763
3.99656295776
3.60142588615
3.69612908363
3.80456399918
3.89267110825
4.11553406715
4.38704895973
3.81009197235
4.2862238884
3.59737205505
4.40349698067
4.18976283073
3.99081587791
4.41901803017
3.79130506516
3.4924120903
4.31994509697
4.16944909096
4.14160490036
3.87225008011
3.48906803131
3.99868202209
4.11142706871
3.85645794868
4.20688796043
3.8825609684
3.51236486435
3.99614310265
3.89855408669
3.88991904259
4.02878594398
3.44089698792
3.90631008148
3.49930906296
4.20098090172
4.19062399864
3.90053009987
3.8595290184
3.79921889305
3.51105499268
3.7298541069
4.14701986313
4.08509612083
3.21920895576
3.51074004173
4.28544020653
3.60524392128
3.79948091507
3.89674782753
4.00233888626
3.60026478767
3.59351706505
4.01156115532
3.88080096245
3.99464988708
3.50750112534
3.93266987801
4.07209682465
3.79138207436
3.50291109085
3.52206802368
4.26885104179
3.9042828083
3.89888381958
3.86759996414
4.10603094101
3.98982810974
3.99767518044
3.61961603165
3.94246506691
4.20738601685
3.69101309776
3.51888489723
4.97950220108
3.51956677437
4.29878282547
3.78932094574
4.19545316696
3.90119600296
3.88875889778
4.39390993118
3.59539699554
4.31043481827
4.39267086983
3.85897493362
4.02296304703
3.8181810379
3.89778709412
4.10874295235
4.17973780632
3.70689892769
3.49996995926
3.79456210136
4.30051398277
4.10131001472
3.96919298172
4.02146911621
3.69079113007
4.10849094391
3.81664085388
3.70493912697
3.98094916344
3.19824194908
4.09531188011
3.74879598618
3.75339078903
3.86301803589
3.79771494865
4.0904071331
4.09979104996
3.95945596695
3.45556020737
3.58436703682
3.90550684929
3.78629207611
4.0280559063
3.93214702606
3.93350505829
3.80896115303
3.91447710991
3.99852585793
3.47356009483
4.19913482666
3.79600405693
4.31165099144
3.49315309525
3.80210900307
4.15839409828
3.70697188377
3.99478507042
3.70038795471
3.89987015724
4.00117301941
3.89014005661
4.20449399948
3.89994192123
4.29337310791
3.95154285431
3.93588089943
3.93382096291
3.67821192741
3.59711098671
3.59910583496
3.79435396194
4.14086198807
4.15936112404
4.18557596207
3.52782797813
4.00901389122
4.18245005608
3.88965511322
4.09631299973
3.79867601395
3.40037608147
3.88930010796
4.49959111214
3.60002493858
3.7965388298
3.50511598587
3.98071193695
3.71956896782
3.69727993011
3.88711905479
4.71181106567
4.38815784454
4.30743098259
3.68976616859
4.10639810562
3.68694496155
3.50798511505
3.85552501678
3.49669599533
4.10430192947
3.39691185951
3.79384994507
4.50437307358
4.19043684006
4.50767612457
3.79595112801
4.1970140934
3.6096098423
3.75338602066
3.72876691818
3.79304099083
3.90769600868
4.39258098602
4.40061497688
3.69458794594
3.92903280258
3.4746799469
3.69962215424
3.90045809746
3.59696412086
4.0021469593
4.02098584175
3.68442893028
3.37965703011
4.00520300865
4.1008849144
3.69047379494
3.69393515587
4.09576416016
3.92212986946
3.78398299217
3.69004678726
4.11168813705
3.99517989159
3.89656186104
3.60211586952
3.69073081017
3.90563607216
3.79847812653
4.39273691177
4.11174678802
3.68315911293
3.71070098877
3.7921640873
4.09477686882
3.69241499901
3.51192688942
4.12734389305
4.57638597488
3.68997192383
3.59367704391
3.93752908707
4.17411804199
3.88346982002
4.97212505341
3.80603504181
4.28663706779
4.3015730381
3.59179210663
3.70087099075
3.51025319099
3.77138090134
3.62088108063
4.09795999527
4.20798707008
4.00331902504
4.40610098839
3.87757301331
3.98350381851
3.91966509819
3.38792705536
3.49660515785
3.5999109745
3.89785599709
3.89887809753
4.09684300423
3.7311501503
3.68015289307
4.17714715004
3.90987300873
3.49204897881
3.10731601715
3.48908090591
3.70882105827
3.69168400764
3.6982998848
3.70670700073
4.49921607971
3.5024960041
3.98861718178
4.08186101913
4.21661615372
6.61444616318
3.78564715385
4.30398178101
3.99226379395
