Experiment Results
6.30733895302
5.40698313713
5.12153410912
7.28382015228
4.67433094978
5.58524799347
5.22537398338
5.59847092628
5.16908288002
5.52805900574
5.19352793694
5.53741312027
5.27949690819
5.30173397064
5.8087720871
5.06866717339
4.70583891869
4.84179496765
5.37755393982
5.0465259552
4.83326005936
5.30492806435
6.2641119957
5.50679802895
5.41446495056
4.83493590355
5.26343178749
5.21388101578
5.38563799858
4.91377592087
5.96854496002
5.66192507744
5.43581104279
5.30354189873
5.69571304321
5.50666689873
5.70696401596
5.25503182411
4.93484306335
4.59787988663
5.49043989182
5.10351490974
5.07492399216
5.05180597305
5.49495506287
5.09369707108
4.98028111458
4.9188349247
5.30289888382
5.58552098274
5.45163202286
4.51776194572
5.68931102753
5.75178694725
5.14455485344
5.0369720459
7.56881594658
5.05880999565
5.2672328949
4.86936092377
4.71841096878
5.00865983963
5.39599013329
5.28583097458
5.29847407341
4.81941413879
5.7805109024
5.59641003609
5.57478809357
5.92895889282
4.83923077583
4.73899102211
4.68994212151
4.81088209152
5.38406801224
5.12300300598
4.59711694717
5.10759496689
7.48605394363
5.2319149971
4.86753106117
5.702023983
5.84136104584
5.45337915421
5.27922701836
5.71228384972
5.57974791527
4.7062048912
5.51561188698
4.91982698441
5.3598780632
5.01878190041
4.79711508751
4.99833488464
4.80523610115
5.50445795059
5.00850486755
5.07607603073
5.25374698639
5.15337991714
5.08145904541
4.58471798897
5.3345489502
4.68283605576
5.40480804443
4.48994588852
5.11573004723
5.06711196899
5.39204287529
5.1507370472
5.26813101768
6.61604785919
5.21736598015
4.96525597572
5.00852608681
5.10623812675
5.10078310966
4.97075915337
5.09651207924
5.19655513763
7.10578298569
5.38048505783
5.11461687088
6.01150012016
7.19076085091
5.89029884338
5.41027998924
5.01309204102
4.97215914726
5.11117982864
5.19540810585
5.2971200943
4.90862607956
4.78582906723
4.89589095116
4.67983102798
5.1138780117
4.88750290871
5.21717810631
5.05077505112
5.02102684975
5.11580491066
5.33238911629
5.08335113525
5.50063800812
5.09780097008
5.75342988968
4.73620319366
5.68318796158
4.91888093948
4.99167299271
5.0081679821
4.48628091812
5.30477499962
5.48631095886
4.71343708038
5.13775706291
4.15990805626
5.28908920288
5.3339240551
5.16741418839
5.29628014565
4.88915896416
4.89611411095
5.3532910347
4.44000196457
5.29886507988
4.98453712463
4.8766169548
5.65257406235
4.57622814178
5.2310500145
4.35836386681
5.01599812508
5.11230111122
4.8980410099
4.80106902122
5.10000801086
4.87200403214
4.6031191349
4.70941615105
5.22820520401
5.3730430603
4.89897704124
4.94740104675
4.85637998581
5.03490781784
5.34370613098
5.03861880302
4.75506901741
5.12761306763
5.36574578285
4.46218705177
4.86072206497
4.56879901886
4.61127400398
4.78510594368
5.12644505501
5.27590608597
4.8733959198
5.12544822693
5.38932299614
5.19221496582
5.21756505966
5.34225106239
5.69992804527
5.61660599709
4.6237180233
5.17699193954
4.79097318649
5.41421985626
4.81448221207
5.4625480175
5.24846601486
5.30393695831
5.78011417389
4.94522595406
4.74407696724
5.19949102402
4.96434998512
4.62369298935
5.31463003159
5.09720182419
5.01539707184
5.06710505486
5.38850402832
5.20961499214
5.88489198685
4.6564540863
5.44063997269
4.82286596298
5.1398601532
4.52616500854
4.81393504143
4.49696397781
5.52741289139
5.17929983139
4.99990701675
6.12351298332
5.24596214294
4.54741191864
6.37502503395
5.17604804039
4.90304398537
4.92407989502
5.16727495193
5.3621931076
5.36847305298
5.80656909943
5.13198804855
5.88712191582
5.37635803223
4.8468170166
4.98062896729
4.75577998161
5.14838600159
5.21348214149
5.02992010117
5.70545601845
5.09338998795
4.7219889164
5.24941396713
5.63200283051
4.59685778618
5.28161787987
4.8867380619
4.91018295288
5.21426200867
6.1688439846
5.21277689934
4.70845103264
4.84275698662
5.20949196815
4.68360590935
5.12141489983
5.07043004036
4.73117303848
6.69966292381
4.90000295639
4.89358401299
4.87080216408
5.32601904869
5.36586380005
4.49290180206
5.21362709999
5.70403885841
4.86783909798
5.41165208817
4.67808008194
6.99996113777
4.78545689583
4.98580598831
5.02541208267
5.18811583519
4.69298195839
5.0643351078
4.7048830986
5.07382082939
5.22318100929
5.19730997086
5.48771309853
5.1155230999
4.97516489029
5.21648406982
4.66974592209
5.49842000008
5.59636306763
5.58393287659
5.63935995102
5.16078495979
5.29689192772
5.42170095444
5.68103313446
5.21285510063
7.07405614853
5.39961290359
5.12714982033
6.12239718437
4.71545004845
9.22834181786
5.02046513557
5.17702889442
7.00924181938
5.70079278946
5.12280702591
5.03473114967
5.44450092316
5.20282411575
5.36683988571
4.73847413063
5.30616211891
5.39703702927
5.24516105652
5.22364401817
5.00622296333
5.41040992737
5.68651890755
5.69963788986
5.28837800026
5.52270507812
4.6804690361
9.20041799545
5.32529592514
5.28903579712
4.99670481682
6.49901509285
4.98040390015
7.42548084259
5.07925701141
5.08942317963
4.82246494293
6.60422515869
5.09833598137
5.27756810188
5.05540299416
6.44329500198
5.20652508736
5.77929091454
5.59067583084
6.31909704208
4.79501891136
6.38024806976
5.03814291954
6.8787560463
5.42594790459
6.88642978668
5.0988509655
5.07593512535
7.33357691765
6.64420604706
4.87265205383
5.05134987831
5.20938205719
4.9822499752
5.42363595963
5.50491094589
6.18817400932
5.36226391792
5.49704504013
5.10971999168
6.799877882
5.28266310692
5.58631491661
5.03359007835
5.29333996773
4.88059902191
4.81266617775
5.39068412781
5.29228281975
5.41186308861
6.33154797554
4.96258306503
4.88110303879
6.23717999458
5.18520712852
5.17396306992
5.25956583023
4.9403989315
5.50547409058
4.80133104324
5.42987823486
5.01815390587
4.54888987541
4.6946978569
5.16403484344
5.24240589142
5.4881799221
6.83864188194
5.15417909622
4.80874800682
5.00606608391
5.11891913414
5.0331120491
5.10705304146
5.36405992508
6.26087498665
5.32047009468
4.99286985397
5.27592396736
5.10891699791
4.89889907837
4.87363004684
5.61118984222
5.2768638134
5.60955095291
5.02298593521
4.97192716599
7.40765500069
4.89230799675
5.32424020767
4.78216409683
4.77543401718
5.13428783417
5.47452092171
5.16575789452
4.65416884422
5.36816501617
6.3212389946
5.10147094727
4.91472887993
5.48824906349
5.32223010063
6.58765983582
5.08901190758
7.403455019
5.08743715286
5.40116500854
5.00409507751
7.10039901733
5.17951488495
6.01475095749
4.6700720787
4.53141212463
6.62805986404
5.05053806305
7.50180387497
5.19992518425
6.52084708214
5.10583615303
6.6825799942
5.39300203323
5.89414811134
5.27031302452
7.6309800148
4.88354587555
5.20675206184
5.31459116936
5.64199209213
6.1186850071
5.30244088173
5.89278006554
6.19629597664
4.89619994164
4.58806300163
5.97493910789
5.12630605698
5.70388698578
5.21501111984
4.77424716949
5.71235108376
5.36204409599
5.62699198723
5.57483291626
4.79967594147
4.82100009918
4.90402603149
5.09628415108
4.9648399353
4.612388134
5.31953501701
4.76090407372
5.22362613678
5.10487699509
4.88895893097
5.49743390083
5.87107110023
4.8256919384
4.97443294525
5.43249082565
6.09594702721
5.48603105545
4.83031105995
6.09863400459
5.26748609543
6.40083479881
4.83414793015
4.99530410767
5.08019089699
7.19217610359
5.18972086906
4.71070384979
4.82304382324
4.77591395378
4.78651309013
6.714427948
5.58396315575
5.11345791817
4.76978707314
5.52640604973
5.22039699554
7.07755899429
5.10146999359
4.79066610336
5.0956659317
5.39198207855
5.10214281082
4.83040499687
4.9728717804
5.20353078842
4.99278187752
5.3856959343
4.71173286438
5.09937691689
5.42729997635
5.15444684029
6.40470480919
4.58303594589
5.30359482765
5.09740710258
4.97860002518
5.2085249424
5.29838514328
6.78018307686
4.91201281548
4.89503979683
4.77957582474
4.93485593796
4.98413300514
4.80352497101
4.61709904671
6.20512199402
5.17041897774
5.60369110107
5.1038749218
5.71193408966
6.60748314857
5.44407892227
4.818598032
5.57296895981
4.89613199234
4.78471708298
4.93189191818
4.55855512619
4.54196882248
5.66844296455
5.30159783363
5.50068616867
5.00444316864
5.29068613052
5.90320396423
5.1070318222
5.28232908249
5.80360007286
4.93316888809
5.87707185745
6.27438402176
5.32761502266
4.98585295677
4.7767431736
5.3233730793
5.0799241066
5.31877803802
5.38347601891
4.90088415146
4.69942593575
5.8932800293
5.30431890488
5.58772492409
5.19770479202
5.38538789749
5.22628808022
4.85398101807
5.13293004036
4.70428204536
5.4979159832
5.00392317772
5.88426208496
5.28170013428
5.44334697723
5.89777398109
