Experiment Results
3.31034302711
3.69956612587
3.39520597458
3.91380095482
3.69073486328
3.69479298592
4.01832103729
4.08345985413
3.80052804947
3.89494085312
3.38435697556
3.80786204338
3.7249789238
4.18093419075
3.92140102386
3.5780749321
3.59747409821
3.92749595642
3.96965098381
3.89664006233
4.00001311302
3.49853801727
3.69293498993
3.59535002708
3.50855088234
3.42270708084
2.86677098274
3.80697488785
3.50287389755
3.89380502701
3.795140028
3.29920887947
3.80639505386
3.19591999054
3.99095988274
3.30519390106
4.01626610756
3.27656698227
3.49909806252
3.61554193497
4.18540096283
4.30271911621
3.80737996101
3.9740858078
4.21066808701
4.0010740757
3.89256095886
4.13427305222
3.39685988426
3.35924601555
4.09671592712
4.11936616898
3.78772807121
3.89385986328
3.90913701057
3.7151529789
3.97361683846
3.59366798401
3.41113996506
3.92222213745
3.57356905937
3.19597101212
3.30063486099
3.69497799873
3.70409297943
3.62232494354
3.76351881027
3.39909887314
3.60713410378
4.39125585556
3.61100697517
3.70179891586
4.08980298042
3.99556589127
3.59728813171
3.69558596611
3.70329999924
3.61466884613
3.57760000229
4.10169196129
3.80856180191
4.59099292755
3.62544989586
4.15485811234
3.64088392258
3.6970140934
3.97096276283
3.51415801048
4.00249910355
3.48713207245
3.40433382988
4.0133728981
3.63705706596
3.64208006859
3.50152683258
3.99758291245
3.5000538826
3.49931907654
3.49609398842
3.39970016479
3.59419894218
3.70121383667
3.88781309128
3.79789209366
3.99908494949
4.10695791245
3.59386205673
3.79784703255
3.49668908119
3.72146296501
3.47534894943
3.6000418663
3.91799402237
3.69363808632
3.68754386902
4.39472198486
3.10225915909
3.81360507011
3.47744488716
3.29002714157
3.92156910896
4.08762812614
3.50590205193
3.48367381096
3.89898180962
4.10071802139
3.61939907074
3.69426107407
3.39507913589
3.79122400284
3.99819993973
3.6913189888
3.90853786469
3.79507303238
3.5978448391
3.2012090683
3.79691004753
3.49870705605
4.09557986259
3.99874591827
4.00003790855
3.99811720848
3.89556384087
3.50273299217
3.09547019005
4.32685303688
3.66922593117
3.90655112267
3.6932489872
3.46582913399
3.92682003975
3.80245709419
4.39769601822
3.59380197525
3.60370492935
3.71099615097
3.5020711422
3.28030991554
3.10150003433
3.31719684601
3.94773101807
3.69235301018
4.10065197945
3.49752116203
4.0976099968
4.00135302544
4.8040459156
3.99196696281
3.49735116959
3.51696610451
3.58219504356
4.1982190609
3.84574580193
3.85293602943
3.5002951622
3.99928498268
4.19732189178
3.60923504829
3.18691301346
3.59194898605
3.20362496376
3.89230799675
3.40760803223
4.61939001083
3.96909499168
3.7060508728
3.59887290001
3.69209098816
3.79998683929
3.79781794548
3.50070691109
3.59445500374
3.60053801537
3.79892396927
4.04069900513
3.86277508736
3.46405506134
4.2940659523
3.29787683487
4.20846199989
4.1970038414
4.69925284386
3.89884710312
3.90205097198
3.38752603531
3.12743616104
3.47437286377
4.19606399536
3.39576292038
3.50877094269
3.99220895767
3.91330599785
3.31559896469
3.10196208954
4.28445696831
3.48275303841
3.52920794487
4.09532809258
3.56174492836
3.41022515297
3.78689002991
3.71098685265
4.09306001663
3.60505199432
4.28590393066
3.69830417633
4.21089291573
3.58734202385
3.59689593315
3.91373801231
3.78455710411
3.91195607185
4.08946800232
3.7035908699
3.78877711296
3.80707406998
4.09436702728
3.80356001854
3.59234499931
3.9977209568
3.99526596069
3.59835600853
3.60422301292
3.99287509918
3.40219402313
4.00318598747
3.89476203918
3.39607906342
3.90388607979
4.19531798363
3.60042190552
3.37577795982
3.62908101082
3.7057621479
3.70940804482
3.77057290077
3.60562515259
3.89408397675
4.09399199486
3.49741601944
3.81338214874
3.89306688309
4.06381893158
3.19821000099
3.87133097649
3.59007287025
3.69749522209
4.0090200901
3.8056371212
3.58442783356
3.70273208618
3.3980910778
4.00201201439
3.79665994644
4.09347510338
3.89695501328
3.69818687439
3.73285508156
3.46515798569
3.79896092415
3.8132390976
3.80123615265
3.88617396355
3.89204096794
3.59773993492
3.50352787971
4.09535002708
3.6984000206
4.09518194199
3.80200195312
3.79554390907
3.70717692375
4.08661007881
3.80035686493
3.60409212112
3.60478997231
4.11390900612
4.10204291344
3.24762797356
3.68828606606
3.71004796028
3.38563895226
3.2210419178
3.88174390793
3.29889988899
3.70129919052
3.69461107254
3.99865293503
3.79729104042
4.00212788582
4.12663197517
3.37834501266
3.8914680481
4.00998282433
3.80333685875
3.78146481514
4.00567793846
3.19902706146
3.39201307297
3.91005802155
4.48754405975
3.69110894203
3.73937606812
3.6964969635
4.26499295235
3.3065738678
3.89646720886
4.10284805298
3.58825922012
3.84291195869
3.99698591232
3.67273712158
3.89479708672
4.28166294098
4.1155128479
4.40196490288
3.69821500778
3.88759994507
3.49502897263
3.90743207932
3.92366600037
3.68602085114
3.58386611938
3.69144701958
3.30658483505
3.69826793671
3.89958691597
3.92291903496
3.70038509369
3.47068500519
3.59812808037
3.60773706436
3.29229187965
3.49932098389
3.4081389904
3.69998478889
4.1970000267
3.38235187531
3.92336511612
3.78656792641
4.10346698761
3.98838686943
3.69469404221
4.07489085197
3.602216959
3.90569281578
3.39617300034
4.20450592041
3.60031580925
3.3903939724
3.9662129879
3.49249696732
3.70271801949
3.50156807899
3.69940209389
3.72664213181
3.86572504044
3.69773602486
3.40298295021
3.20306301117
3.89685893059
3.99268698692
3.50018382072
4.11586499214
3.48342704773
3.77763605118
3.74824690819
3.87498688698
3.69214701653
4.09734916687
3.96536803246
3.7392821312
3.78921818733
3.80077314377
3.30730414391
3.68009090424
3.51961708069
3.89187812805
4.20528578758
3.51699209213
3.58007502556
3.6948800087
4.20369887352
4.21300005913
3.78785300255
4.09154200554
3.89454507828
3.80397105217
3.86850500107
3.99428296089
3.40221190453
3.88576006889
4.03213405609
4.1001431942
3.67921113968
3.59272694588
4.10397791862
3.7143239975
4.27240610123
3.79578185081
3.39579987526
4.4009001255
3.90388703346
3.8973801136
3.81015920639
4.08219313622
4.10487890244
4.49697303772
3.19257807732
3.81344199181
3.697234869
3.6954600811
3.89511299133
3.99657893181
3.90024089813
3.90579795837
3.48540496826
3.99398398399
3.69482421875
4.01194500923
3.68620204926
4.20727205276
3.28801894188
3.80422306061
4.13505387306
3.9845662117
3.76917695999
3.87789392471
4.09167098999
4.10735106468
3.39761185646
3.79088807106
3.90256404877
4.10096788406
4.00410699844
3.6036670208
3.99624085426
3.58687210083
3.40798091888
2.99239182472
3.90206003189
4.1679649353
4.00296092033
4.19550704956
3.69610905647
3.69443011284
4.29739308357
3.40374994278
3.90288901329
4.02788805962
3.67900800705
3.77797985077
3.69912314415
3.50331902504
4.19095802307
3.40420985222
3.30217695236
3.49931287766
3.80819606781
3.58769702911
3.70282793045
3.59329986572
3.19895792007
3.30520701408
3.62604093552
4.06168484688
3.80413293839
4.01973509789
3.9692928791
3.40106797218
3.4944460392
3.90425491333
4.00029993057
3.79688620567
3.83440804482
3.53200793266
3.70815992355
3.8118891716
3.80534100533
3.79195404053
3.7065911293
3.62239813805
3.35495400429
4.32496094704
4.19126391411
4.29299592972
3.40603399277
4.29161500931
3.81721997261
5.19261789322
3.89745616913
4.09234595299
4.08931779861
4.00813913345
4.39687085152
3.69573616982
3.71795701981
4.2843170166
4.09233593941
3.80383110046
3.99817895889
3.80022287369
3.59560108185
3.80532503128
3.91792201996
3.97745490074
3.59947299957
3.80629587173
3.90649390221
3.58329606056
3.70279192924
3.69756793976
3.88682389259
3.80855584145
4.69040584564
4.70230388641
3.90357089043
4.16636419296
3.51807689667
3.79433393478
3.89984297752
4.1107468605
4.09283590317
3.19690704346
4.19714403152
3.99401211739
3.7969520092
3.73078489304
4.07058000565
3.60549092293
3.79071521759
3.69385695457
3.31042790413
3.49385499954
4.4174759388
3.99570894241
3.78809905052
3.7951900959
3.20027685165
3.99754285812
3.49166297913
3.90410685539
3.86427307129
3.60126113892
4.02975201607
3.56106185913
3.61386489868
3.68563914299
3.91820406914
3.67961597443
4.51264190674
4.22084903717
3.96605086327
3.39656996727
3.99975204468
3.89873218536
3.54116606712
3.55787491798
3.29619312286
3.79894304276
4.40387487411
3.61802482605
3.98108792305
3.79455089569
3.99798488617
3.92202591896
3.17089819908
3.40044403076
4.19020199776
4.00342202187
4.30236697197
3.80767607689
4.00126314163
3.49197602272
4.2056927681
3.68335390091
3.91020894051
3.68817210197
3.79720783234
3.79722714424
