Experiment Results
1.05258202553
0.903967142105
0.902704954147
1.18521904945
0.813396930695
0.892004966736
0.892799139023
0.803681850433
0.808324098587
1.0140171051
0.982501029968
0.900110006332
0.716029882431
0.991256952286
0.78529882431
0.695515871048
0.899770021439
0.798716068268
0.89259314537
0.81397986412
0.881489992142
0.806678056717
0.717386960983
0.774951934814
0.899640083313
0.794955015182
0.900542020798
1.02906894684
0.68291592598
0.888978004456
0.900110960007
0.807287216187
0.887001991272
0.995625972748
0.899219989777
0.704503059387
0.723712921143
0.876314163208
0.791409015656
0.800671100616
0.895923852921
0.909970998764
0.687414169312
0.900509119034
0.701092004776
0.708834171295
1.08470606804
0.808656930923
0.889276981354
0.698129892349
0.936305046082
0.86224603653
0.722816228867
0.862628936768
0.795784950256
1.00183701515
0.80269408226
0.810247898102
0.679410934448
1.00174117088
0.796492815018
1.11965799332
0.718986034393
0.766960859299
0.892647027969
0.983558893204
0.810603141785
0.813230991364
0.884093999863
1.0001039505
1.01923418045
0.786604881287
0.899104833603
0.791639089584
0.90767621994
1.00072002411
0.587193965912
0.601387023926
0.800613880157
0.997495889664
0.618943929672
0.89076590538
0.684142827988
0.800288915634
0.709691047668
0.784623861313
1.00076508522
0.806046962738
0.700582027435
0.797696113586
0.894421100616
1.01316404343
0.882005929947
0.814382076263
0.882995843887
0.697308063507
0.726635932922
0.906441926956
0.974103927612
1.01245999336
0.646330118179
0.79584813118
1.00193500519
0.618487119675
0.778404951096
0.821043014526
0.984561920166
0.897564888
0.787558078766
0.901291847229
0.899560928345
0.79992890358
0.764011859894
0.826668977737
0.97082400322
0.802044868469
0.796241998672
1.00034594536
1.09705495834
0.827634096146
0.76837515831
0.701505899429
0.899188995361
0.695448875427
0.898275852203
0.702368974686
0.803791046143
0.774785995483
0.90513420105
0.68337893486
0.893759012222
0.996029138565
0.733010053635
0.863816976547
0.798608064651
0.686853885651
0.708615064621
0.807825088501
0.890726089478
0.731007099152
0.853434085846
0.809977054596
0.601116895676
0.79817199707
0.922250986099
0.801910161972
0.991858005524
0.91522693634
0.870924949646
0.998448133469
0.798706054688
0.796122074127
0.696433067322
0.880252122879
0.697904825211
0.890459060669
0.789286851883
0.712182998657
0.908579111099
0.888643026352
0.69456911087
0.890805959702
0.698488950729
0.79897403717
0.927851915359
0.868686914444
0.911090135574
0.884943008423
0.701971054077
0.794806003571
0.721913814545
0.775928020477
0.815082073212
0.685527801514
0.798249959946
0.99697804451
0.798353910446
0.808166027069
0.889323949814
0.902899026871
0.807330131531
0.809029102325
0.773800849915
0.821491003036
0.7858979702
1.09285497665
0.699614048004
0.794816017151
1.10207009315
1.0318479538
0.762929201126
0.897855043411
0.90779709816
0.987903118134
0.918857097626
0.980405807495
0.901491880417
0.603116989136
0.894799947739
0.89800786972
0.607146024704
0.9872610569
0.908293962479
1.01471805573
0.9800760746
0.808082103729
0.814057826996
0.874935150146
0.799842119217
0.995638847351
0.698984146118
0.806256055832
0.99766087532
0.792479991913
0.692543983459
0.799904823303
0.70025396347
1.09936189651
0.896744012833
0.699706792831
0.797280073166
0.720299005508
0.978082895279
0.805451154709
1.01364278793
0.67951798439
0.795618057251
0.800179004669
0.998515129089
0.995100021362
0.92933011055
0.795600891113
0.772440910339
0.598263025284
0.805987119675
0.799566984177
0.992058038712
0.801895141602
0.902018070221
0.982448101044
0.783065080643
0.889794111252
0.801784992218
0.698698043823
0.817824840546
0.690910816193
0.705368041992
0.987883090973
0.902430057526
0.899703025818
0.696673154831
0.798883914948
0.899788141251
0.596170186996
0.901640176773
0.800143957138
0.819471120834
0.672549962997
1.02745294571
0.768671035767
0.79895401001
0.698954105377
0.700058937073
0.627175807953
0.695988893509
0.6725461483
0.898283958435
0.794812917709
0.901086807251
0.80206489563
0.693507194519
0.706665039062
0.79528093338
0.796178102493
0.627794981003
0.76945400238
0.79944896698
0.834593057632
0.762683868408
0.802956104279
0.82053399086
0.675631046295
0.827328920364
0.80236697197
0.666397809982
0.906152009964
1.00458598137
0.89053606987
0.791368961334
0.732141017914
0.767123937607
1.00546693802
0.89244890213
0.598155021667
0.936478853226
0.961802959442
0.696297168732
0.790338993073
0.729125976562
0.678964853287
0.799030065536
0.707154035568
1.19298291206
0.79763007164
0.798671007156
0.800831079483
0.997963190079
0.696897029877
0.908670902252
0.892408132553
0.913355112076
0.680862903595
1.19849395752
0.903587818146
0.796411037445
0.797122955322
0.705440044403
0.916212797165
0.773325920105
0.800248861313
0.802304029465
0.605156898499
0.898328781128
0.689619779587
0.815066099167
0.684419870377
0.99770283699
0.897180080414
1.0025780201
0.800225019455
0.818778038025
0.77495598793
0.802531957626
1.02624797821
0.867852926254
0.898620843887
1.00067591667
0.804309129715
0.895533084869
0.593704938889
0.703037977219
0.797230958939
0.705114841461
0.79185295105
0.918087005615
0.716503143311
0.886104106903
0.774747133255
0.998886823654
0.79696393013
0.733959913254
0.976380109787
0.788548946381
0.697761058807
0.801693201065
0.896404027939
0.796169996262
0.701425075531
0.800423145294
0.807864904404
0.810405015945
0.911760091782
0.896384000778
0.666473865509
0.695205926895
0.903512001038
0.923043966293
0.973042011261
0.706262111664
0.992743015289
0.89442896843
0.799206972122
0.915381908417
0.58273100853
1.12089109421
0.744324922562
0.72446513176
0.781517028809
1.00037097931
0.853138923645
0.800957918167
0.900944948196
0.895411968231
0.803880929947
0.894865036011
0.698601961136
0.803833007812
0.818916082382
0.883136987686
0.989619970322
0.899929046631
0.915601968765
0.885914802551
1.03272891045
1.06342291832
0.796591997147
0.994827032089
0.970098018646
0.764529943466
1.00102901459
0.703725814819
0.895231962204
0.804552078247
0.991276979446
0.705812931061
0.898981809616
0.900668859482
0.675789117813
0.703125
0.795943975449
0.901476144791
1.018627882
0.683691978455
0.695942163467
0.804808139801
0.78066110611
0.801800966263
0.899318933487
0.705151081085
0.890697002411
0.900308132172
0.711875200272
0.985337972641
0.998515129089
1.1211400032
0.676730871201
0.83372092247
0.76370382309
0.82577586174
0.79016494751
0.897691965103
0.689469814301
0.832607984543
0.957365989685
0.602712869644
0.702154159546
0.690717935562
0.807723045349
0.785802841187
0.708035945892
0.756260871887
0.807828903198
1.09267783165
0.935039043427
0.665369987488
1.09719085693
0.799700021744
0.927650213242
0.940164089203
0.819061994553
0.875343084335
0.800163984299
0.604515075684
1.01280403137
0.878915071487
0.796759128571
0.708862781525
0.891652822495
0.892323970795
0.810316085815
0.690539121628
0.797316074371
0.699065208435
0.803250074387
0.795490026474
0.599020004272
0.738251924515
0.865046977997
0.821807861328
1.09559583664
0.782972097397
0.794294118881
0.780555009842
0.834250926971
0.78026008606
0.798511981964
0.997123003006
1.19996094704
0.998761892319
0.916603088379
0.986051082611
0.897654056549
0.890811920166
0.803869009018
0.806981086731
0.811144113541
0.875550031662
1.00201892853
0.82931303978
0.776113033295
0.988718032837
0.897958040237
0.705668926239
0.991003990173
0.822063922882
0.878833055496
0.801200866699
0.795340061188
0.735886096954
0.959614038467
1.09822797775
0.901258945465
0.997097015381
0.692641019821
0.801240921021
0.898324966431
0.798623085022
0.720435857773
0.632988929749
0.810253858566
1.19832992554
0.899612903595
0.698571920395
0.998234987259
1.00731086731
0.697946071625
1.31500387192
0.876106977463
0.699359893799
0.899769067764
0.900379896164
0.693135023117
1.12249279022
0.684698820114
0.886813879013
0.801257133484
0.80960392952
0.785999059677
1.0003221035
0.820971012115
0.984795093536
0.813451051712
0.777084112167
0.803266048431
0.822108030319
0.601798057556
0.967371225357
0.806066036224
0.996544837952
0.921509027481
1.07000494003
0.900832891464
0.903051137924
0.790162086487
0.902707099915
0.895030975342
1.00548315048
0.991313934326
0.698961019516
0.80068898201
0.597290039062
0.815271854401
0.913397073746
0.873543024063
1.09189915657
0.701704978943
0.704509019852
0.728760004044
0.760236024857
0.800359010696
1.09877204895
0.898181915283
0.898056030273
1.00203800201
0.797035932541
0.8158659935
0.812169075012
0.671075105667
0.898227930069
0.723279953003
0.674731969833
0.79314994812
0.838751077652
0.995422124863
0.892119884491
1.00636792183
0.973478794098
0.924992084503
1.05615711212
0.814338922501
0.890051841736
0.831687927246
0.668731927872
0.798378944397
0.600496053696
0.901948928833
0.802781105042
1.01677203178
0.969262123108
0.90056180954
0.698840141296
0.837198972702
1.26266813278
0.900051116943
0.796069860458
0.797928094864
0.785752058029
0.812586069107
0.901082038879
1.09856295586
