Experiment Results
7.67619204521
7.44220399857
7.41499400139
8.24605202675
7.67160606384
8.86609697342
6.85940003395
6.82860183716
6.60754704475
6.86290311813
6.7785859108
6.96637010574
9.16241312027
6.9967238903
6.46903300285
6.76632905006
7.26742386818
9.19427680969
6.94169998169
7.29461789131
6.96993613243
7.09378290176
6.85591101646
6.98184609413
6.36779284477
7.87080287933
6.88295817375
7.87139010429
8.28869104385
9.6652879715
6.48522782326
6.8756070137
8.78229594231
7.08848404884
7.06059098244
7.09998488426
8.5706820488
6.68955779076
9.58381915092
6.66229319572
7.28891086578
6.78545308113
7.37855696678
8.88485312462
6.74012708664
8.23673510551
7.77570796013
6.77746391296
6.371737957
7.49739289284
7.59533119202
6.58824515343
7.85365605354
6.88549089432
8.88002586365
6.98856806755
7.99455404282
7.09274196625
6.37972307205
6.98502993584
6.69288396835
6.7888739109
6.98602795601
8.07420492172
6.16677188873
7.09112691879
7.41374588013
6.3665189743
7.22385191917
7.17774486542
6.37539696693
7.18319511414
7.0554318428
6.92076301575
6.707654953
7.79233002663
6.64456295967
7.62181305885
7.39882707596
6.57605099678
6.67533707619
10.284318924
6.90510296822
6.47985887527
9.90194320679
12.9925808907
7.67704391479
7.30181598663
6.77324795723
7.59529304504
11.3799519539
8.39693379402
7.48609995842
8.04064893723
9.73193407059
7.77984595299
9.6251718998
7.1653637886
7.28278279305
7.57618308067
13.2174420357
7.42280697823
7.52584981918
12.389108181
7.83458805084
7.24910116196
6.84919190407
9.65905308723
8.10829591751
6.7466199398
9.28517389297
11.3654351234
6.68188619614
6.15789604187
6.76341581345
6.88286805153
9.32312893867
10.0428769588
19.4710030556
13.3509471416
7.38853812218
7.79412508011
8.16378188133
6.66486096382
11.485188961
7.05212378502
7.26493215561
8.89733600616
11.8746910095
8.89768910408
7.73320794106
10.4827580452
8.11469697952
9.15873599052
22.6045229435
7.08002185822
8.96576499939
11.6723208427
14.6074228287
8.05932188034
7.18394088745
6.7855489254
7.69044709206
9.66969704628
7.98742198944
7.08521699905
8.97738099098
11.4941148758
10.2615439892
9.99144101143
7.40426588058
10.1578857899
8.02533793449
7.24208498001
9.009360075
7.27306509018
8.70247292519
7.89213991165
11.2853088379
7.97170996666
12.4862158298
7.89526391029
7.26015281677
7.6856470108
7.10632991791
21.9336781502
8.02411985397
8.20861101151
9.97282409668
9.4943459034
8.38548707962
6.3636739254
22.1352579594
7.55689501762
7.09583497047
12.1792778969
6.35664796829
7.31646800041
12.6821320057
7.06254601479
6.80440497398
7.05417990685
8.14577698708
6.38854289055
7.71498608589
8.05409884453
10.1677751541
8.00353884697
6.79816293716
19.1890478134
7.46484088898
7.40344023705
6.48770499229
7.63288116455
6.05148506165
6.87754106522
6.68209600449
6.59131097794
6.81564593315
6.86308693886
7.61889886856
8.00876712799
6.73889803886
7.32312893867
6.88716697693
7.001953125
7.51866602898
6.98172187805
6.77770590782
8.35966992378
9.44911193848
7.89109683037
8.26975798607
7.55502891541
6.86625289917
12.9876959324
13.0636479855
9.78721404076
6.86774682999
9.88014101982
8.67683315277
9.23054289818
7.31032204628
8.46809196472
12.4595229626
6.1909570694
8.88041305542
7.47713184357
10.8789310455
9.57220101357
7.5897769928
8.78091692924
8.97340893745
7.08070492744
7.5982401371
9.26081609726
7.00887680054
6.54188704491
8.75030398369
7.50987195969
7.80716586113
6.949644804
9.68641090393
7.47651696205
7.97489118576
8.32985115051
9.1104619503
7.91355490685
7.29799199104
13.3827061653
7.18015885353
8.60240888596
7.99295210838
8.57880020142
6.87737584114
6.38085818291
6.36042499542
7.29432892799
6.97601890564
8.11196184158
7.59744000435
6.98654198647
7.97869801521
7.69020700455
7.07465004921
8.6944360733
8.67697381973
11.5204708576
6.93293595314
7.90397500992
9.68447589874
11.8056879044
8.53823399544
9.03285002708
9.1720199585
7.59794402122
9.18148303032
11.3917939663
6.70299506187
6.98714709282
8.20161795616
7.46065092087
7.9906668663
8.67164111137
14.2883431911
7.86550784111
7.21559882164
6.5950729847
6.78494501114
7.49598383904
7.09982895851
8.79928302765
7.50146698952
7.25341820717
7.38551211357
7.58881497383
8.00037002563
7.29515004158
11.287886858
7.37084102631
11.5048570633
8.0170211792
13.3532230854
9.11149406433
8.37432408333
9.46617889404
7.95496416092
12.5665671825
7.27643489838
8.28137397766
8.86184692383
7.82461500168
7.19883298874
9.07801294327
6.9558467865
6.69681596756
8.50065302849
8.5628619194
7.67042803764
8.55902290344
7.87993788719
8.38846802711
7.24448919296
10.5970048904
10.4820721149
8.56748890877
7.70565414429
16.3557579517
8.77811002731
10.0764329433
6.48094296455
9.08246302605
9.26470899582
8.94506406784
7.31572794914
9.19122982025
12.7593479156
8.09724187851
8.29123497009
8.16015315056
8.98936581612
7.51714992523
7.53135800362
7.79447698593
8.80857110023
7.37206792831
8.87312293053
9.26814579964
6.2932741642
6.47829818726
7.96490716934
8.12480998039
7.67697191238
8.68740391731
10.5850439072
6.78885293007
6.56708693504
8.58040499687
7.09287905693
7.87609314919
27.0159180164
6.95660495758
8.10877799988
6.67909884453
8.5167517662
7.3659529686
16.8574821949
9.6846678257
13.1271970272
10.4749901295
6.98663306236
6.68822813034
8.24413895607
6.93571400642
8.47667884827
9.68670797348
8.56174111366
7.12684106827
6.78429102898
6.78899598122
9.28983283043
6.63576507568
6.83724498749
6.87347412109
7.49356007576
6.81417107582
7.75946211815
7.09517288208
21.9006299973
8.1855070591
6.87959003448
7.28782200813
8.27945494652
7.20363998413
8.27519202232
7.26163601875
7.58942985535
8.71592092514
7.28285098076
7.51947522163
8.12590098381
9.07948899269
9.01077198982
8.97494292259
13.3396821022
8.68929004669
11.8506059647
8.86181497574
8.85895705223
12.0686299801
7.78361988068
7.04557800293
6.59745597839
7.05457997322
9.57967209816
7.30390405655
11.0546360016
9.89603996277
7.7130651474
8.89940595627
8.67999982834
8.56896400452
8.88564991951
8.13281393051
11.1233007908
7.17587518692
8.26683282852
8.86595010757
7.48710799217
10.1062500477
6.67022705078
7.74997806549
8.78205895424
18.6693210602
13.1921679974
11.0874829292
10.1393449306
10.0105559826
7.4680981636
6.39266896248
10.2750070095
12.9843449593
8.6958091259
13.8434309959
9.91010093689
7.97548913956
6.57327389717
12.5638899803
7.93308997154
8.16095781326
8.08259510994
7.78118991852
10.5077710152
8.5663049221
6.90210294724
7.76093697548
7.69449019432
7.65201306343
8.13868403435
6.79339408875
7.65176415443
7.90285301208
8.0137090683
6.55878019333
7.98137688637
8.75066590309
6.9243888855
7.78848004341
7.78822994232
9.7803299427
12.7948029041
7.95715498924
7.20711898804
7.55832099915
7.53987693787
7.97699594498
9.38150906563
10.6886401176
9.05043697357
8.81842803955
6.90054607391
6.57488298416
7.20291090012
8.27849507332
6.9889998436
8.60810995102
7.96145892143
7.50630378723
6.71948885918
11.0618069172
7.38817000389
11.9909701347
9.42738604546
7.32688903809
7.56224989891
7.92620515823
7.97812390327
8.59908914566
9.58387303352
7.89365792274
8.19979810715
8.22444081306
12.5571839809
8.81383395195
12.1600248814
7.34757709503
6.88021802902
8.05704593658
9.07040715218
8.65568804741
9.18534588814
7.56682801247
8.07606887817
9.36838412285
6.57844495773
7.06425309181
9.05472111702
12.6920261383
8.47892189026
7.44800209999
9.81588101387
8.4719619751
6.9492149353
8.99605917931
7.96713805199
6.47199511528
6.76531720161
8.28767108917
10.469837904
9.4100189209
10.4601960182
8.55684018135
10.9110190868
11.2690391541
8.47517180443
13.3430631161
9.40850496292
8.84008097649
10.8288829327
6.58524894714
7.76567292213
8.39440989494
7.27442002296
9.40233707428
8.62876200676
8.50532484055
7.78631806374
7.4536280632
11.8042180538
8.68362402916
13.9000661373
9.78327584267
8.97666120529
7.58502101898
8.78662014008
7.24634790421
7.6328959465
9.76721215248
8.29548287392
8.01088190079
6.46571302414
11.9598338604
7.49791908264
7.19221782684
7.30242609978
8.48450493813
8.18888401985
7.49081397057
8.17399311066
8.07988500595
8.16781902313
7.54332399368
8.06406521797
12.2997689247
8.27197599411
8.38351607323
10.9911088943
7.19642901421
7.88882088661
8.45241594315
12.2013618946
6.03059387207
9.45416593552
8.39628195763
9.16970205307
8.03342700005
6.54945087433
6.58460402489
6.70958900452
19.4821100235
9.48287987709
11.095995903
7.89255714417
7.28174710274
7.89898705482
7.48903489113
7.68014192581
6.78952717781
11.2935988903
7.18802976608
