Experiment Results
5.39172911644
5.91598200798
5.17434096336
5.51563191414
5.28462386131
5.50754308701
5.10267090797
5.78755092621
5.27619099617
5.27223610878
5.04521107674
5.3974750042
4.99906516075
5.61687111855
5.48322987556
5.22892713547
5.78133296967
10.291821003
5.0890390873
5.40993785858
5.30866909027
4.86312389374
5.01427817345
5.0975060463
6.11596703529
5.98475217819
5.62073206902
5.68576288223
5.69269299507
4.92697882652
6.066437006
6.00037193298
5.60729598999
5.5920009613
5.60969114304
5.17363595963
5.50875306129
5.00965118408
6.01816010475
5.25988292694
5.41245698929
6.74765586853
5.13972878456
5.10384607315
5.02467703819
5.75932693481
5.39893102646
5.00421595573
5.30311799049
5.72448682785
5.07433605194
4.50886321068
5.09502315521
5.73767209053
5.85151314735
4.69814610481
5.73445081711
5.76558589935
5.31920719147
5.07495903969
5.13789701462
5.01240992546
5.17984294891
5.49513721466
5.30672502518
5.05228805542
5.05316996574
4.95547485352
4.59324288368
5.81757187843
5.14100003242
5.15388202667
5.40800094604
5.182929039
4.68258094788
5.42842888832
5.10279917717
5.38315796852
5.20554900169
6.1885740757
5.31066012383
5.27713680267
5.10681390762
6.32079601288
5.0633649826
5.34664916992
5.30119395256
4.88898086548
6.72279906273
5.7922270298
5.08582210541
5.31203484535
7.17919611931
5.69538402557
5.56040596962
5.74829292297
5.72510504723
5.56462216377
5.01248502731
5.52500700951
5.41800904274
7.55046200752
5.52850794792
5.84015989304
8.80771112442
5.20296788216
6.30495500565
5.03934597969
5.46212387085
5.5924808979
5.99847912788
5.00058794022
5.48409795761
5.89920091629
5.2586889267
8.65514206886
5.28806495667
7.00600886345
5.29496216774
6.1420519352
5.07350707054
5.68414711952
4.8905608654
5.20227503777
6.40538597107
4.5944108963
5.21426081657
5.38605499268
4.99313092232
5.09956407547
4.79580402374
4.68780589104
5.00171399117
5.40931510925
4.69393491745
5.03458809853
4.48068714142
5.17615199089
4.92375183105
4.98207521439
5.09174394608
4.87506198883
5.44865202904
5.35618901253
6.01098918915
5.01042890549
5.51248502731
5.814453125
5.49305510521
5.38435411453
5.1893799305
5.58936500549
6.41267895699
5.17488408089
5.07027101517
5.41861605644
5.12188386917
5.49683594704
5.09669589996
6.39624500275
4.80553388596
5.48584794998
4.83808517456
5.59117698669
5.68023991585
5.11906099319
5.58177113533
5.29294705391
5.10990095139
5.78086018562
5.39356422424
5.39550995827
5.00524115562
5.17774009705
4.91131806374
5.1235408783
4.79408693314
4.89490294456
5.09691309929
5.99516916275
5.59049797058
5.20316004753
5.68925213814
5.09346199036
4.85920381546
5.13820195198
4.73754191399
5.07008314133
5.02645516396
5.23831415176
6.03669095039
5.19629812241
5.29089593887
5.73387002945
5.3144659996
5.26138496399
5.2364730835
5.04555392265
4.93471097946
4.96405410767
5.00937581062
6.80644416809
4.59395503998
5.89115595818
5.28821897507
4.49939203262
4.9979569912
5.41137385368
4.94895100594
4.7517619133
5.49714112282
5.10338115692
5.68306493759
5.03812599182
5.26531887054
5.40062999725
4.89634203911
5.31240916252
4.8869600296
5.39810705185
4.89022612572
5.21267199516
7.57674908638
5.31906294823
5.18820500374
5.40496993065
5.02663612366
5.26729607582
5.28941702843
4.30564904213
5.33922505379
5.58144497871
4.67990779877
5.073554039
5.12746191025
5.08667683601
4.7967607975
5.20104408264
4.78727698326
4.9150788784
5.32993602753
4.76330399513
5.53166699409
5.05550909042
4.86025881767
4.91851305962
4.79410815239
5.08919692039
5.60723519325
5.13962221146
5.22470116615
5.03230690956
4.89528989792
4.9714319706
5.59712004662
4.97705197334
4.62998390198
4.68670511246
4.9180328846
5.2790210247
5.37525510788
5.05555796623
5.40066003799
5.10052704811
4.89691114426
5.19937801361
4.83510088921
4.88390803337
4.76467895508
4.81316995621
4.88840103149
5.29551815987
4.78740906715
4.85755705833
4.38527202606
4.41659498215
5.10543704033
4.6741540432
5.10592603683
4.99236798286
4.6773788929
4.92408704758
5.09866786003
4.89970803261
5.29773497581
4.91045689583
4.98953223228
5.03425192833
5.16064095497
5.20137286186
5.08471894264
4.70250201225
5.27811384201
4.42828512192
4.99757194519
4.91199588776
4.47534704208
4.91382098198
5.49140000343
4.99545192719
5.52642583847
4.85939311981
4.91416811943
5.36553502083
5.14429593086
5.0093319416
5.04467010498
4.87906718254
5.74680304527
5.18746590614
4.87105679512
4.68251490593
4.89626383781
4.91123485565
5.01522302628
4.96907901764
4.59006595612
5.19838905334
5.70494008064
5.00524902344
5.19252490997
5.51149702072
5.17518496513
5.19488096237
5.21483421326
4.70931696892
4.92973804474
4.55828690529
4.80124092102
5.22198009491
4.96773099899
5.29166603088
5.71640086174
4.77731394768
4.97136306763
5.03248405457
5.30288314819
4.80322194099
5.92258214951
5.4976131916
4.71873903275
6.76455307007
4.99112987518
4.81967902184
4.61323690414
4.96413207054
4.52707791328
5.39130306244
4.97178697586
4.70947694778
5.9994289875
4.79453611374
5.68350720406
5.60564994812
5.2864408493
6.11348795891
5.20031189919
6.02255797386
7.77139687538
4.52791714668
5.89829111099
5.39728283882
4.77315998077
4.88723301888
7.71345114708
5.29716801643
5.40194511414
5.28422498703
5.55001807213
4.86606001854
5.5787498951
6.59785699844
5.2978978157
8.62249898911
5.16632604599
4.84648108482
5.78696012497
5.48202705383
6.78874397278
5.33009505272
5.57024979591
5.00272989273
5.15309000015
5.12019395828
5.18272304535
5.13087701797
5.37569403648
5.10589694977
4.88701796532
5.40250015259
4.79795384407
4.90456700325
6.08838796616
4.88564705849
5.07440304756
5.00328707695
5.00838088989
5.29272484779
4.99369597435
5.09470701218
5.00698184967
5.22562408447
4.77467012405
4.72710895538
5.70779395103
5.49769496918
4.99965190887
5.02180194855
5.14142012596
4.78688597679
4.7148680687
5.90759897232
5.3041779995
4.68466281891
5.19090986252
5.39901995659
5.16680598259
4.7272310257
4.49807095528
4.91793298721
5.37001681328
4.82350897789
4.6788828373
5.21059203148
5.08902096748
4.68690919876
5.2092590332
5.40391683578
5.02446007729
5.37452697754
4.99120402336
4.90045905113
5.4020011425
4.83203291893
4.86150217056
5.30596804619
4.99476504326
5.28706812859
5.29942107201
5.19080305099
4.94554495811
4.67175889015
5.08489584923
5.22252702713
4.98166489601
5.49670100212
4.50178408623
5.39955210686
4.9965569973
5.24444508553
4.45114207268
5.4020819664
5.40329098701
5.59263515472
4.93042516708
4.7763800621
5.47983503342
5.12119603157
4.78003787994
5.23383688927
5.15195918083
5.53788399696
4.97117090225
5.40894317627
4.7989730835
4.98717904091
5.11621379852
4.88415813446
5.00155687332
6.09111785889
5.47167396545
5.04807376862
5.65433192253
5.24413585663
5.08466887474
5.09898495674
4.89061594009
5.31397199631
4.9951748848
5.4836499691
5.15408205986
5.25709891319
4.7937810421
5.69993281364
5.07658886909
4.91718888283
5.20934391022
5.3807489872
4.83714103699
4.96632289886
4.69146108627
5.40702605247
5.35089182854
5.04552698135
5.02400612831
4.97689819336
5.19671010971
5.18920087814
5.2229218483
5.08616518974
5.6975569725
5.0872220993
4.93724012375
4.92531490326
4.74050307274
4.99228286743
5.10549998283
5.5827190876
4.69145512581
5.74375796318
5.09738302231
4.97728705406
5.70372700691
4.87370705605
5.22799015045
5.1921710968
4.29832291603
5.00203800201
5.79891180992
4.78188800812
4.81042218208
7.61443400383
5.44538998604
4.94404792786
5.67619395256
5.52371907234
5.34875392914
5.65015006065
5.68535208702
5.29252004623
5.22260499001
5.87998509407
5.40409088135
4.79573512077
5.20759010315
4.87635302544
5.4122428894
5.29677200317
5.19917297363
5.10976791382
5.40264511108
6.07964992523
5.31307792664
6.08598589897
5.29558801651
9.60716795921
5.18302893639
5.41410207748
4.94332909584
5.53871107101
5.39331293106
5.21981811523
5.48879003525
4.87184882164
5.20539093018
5.52969288826
5.45456910133
5.59960603714
6.8218870163
5.49355101585
5.29904198647
9.60284900665
5.08889698982
5.21303105354
5.23821902275
6.04463410378
5.65185618401
6.34406685829
5.40962600708
5.29039382935
5.55867600441
4.97052311897
5.28354001045
5.29076004028
5.30513000488
4.88938808441
4.56502699852
4.99140810966
5.39595985413
5.67519283295
5.19501113892
4.4039850235
5.40354013443
4.70390105247
4.65524601936
4.78819608688
4.82172203064
5.09089398384
4.89698195457
5.72647690773
5.0638730526
4.91243195534
4.99359297752
5.28299188614
5.30917215347
5.29119896889
5.00876498222
6.18913006783
5.61487102509
5.38048696518
