Experiment Results
1.18443989754
1.19725394249
1.10250902176
1.33243298531
1.26070308685
0.995227098465
1.12262201309
0.988425016403
1.1853120327
1.20825600624
1.29203009605
1.30373096466
1.00707793236
1.18990302086
1.09387803078
1.21818685532
1.18012309074
1.20552682877
1.20794296265
1.18255591393
1.29894399643
1.29742002487
1.30947208405
1.21070218086
1.30106091499
1.00728297234
0.971674919128
1.18001818657
1.11231303215
0.903033018112
1.39496207237
1.03456401825
1.16932106018
1.09751582146
1.01121211052
1.07951879501
1.2020778656
1.10084891319
1.33072519302
1.26661896706
1.09353899956
1.10756397247
1.09225296974
1.09578800201
1.20618891716
1.09936308861
1.00323915482
1.20366597176
1.19067311287
1.09701299667
1.20139908791
1.19291901588
1.10542201996
1.08735394478
1.00108385086
1.03705191612
1.26129293442
1.23282790184
1.1710999012
1.19428992271
1.22967481613
1.20183897018
1.16694712639
1.20481109619
1.38897299767
1.20091605186
1.00152587891
1.00643801689
1.12885499001
0.960093975067
1.21217393875
1.18497514725
1.09965610504
1.24727916718
1.15101504326
1.09503293037
1.21118497849
1.08728313446
1.1154589653
1.08257508278
1.10566210747
1.39649820328
1.12521505356
1.28001403809
1.41007995605
1.19230484962
1.38253808022
1.12668704987
1.04040408134
1.21734499931
1.08088088036
1.29535794258
1.00490498543
1.20024490356
1.20710015297
1.22259616852
1.17054200172
1.11763191223
1.07000303268
1.31741285324
0.977850198746
1.1075220108
1.29049110413
1.39801001549
1.11405301094
0.990320920944
1.19946312904
1.09348487854
1.07276296616
1.3895919323
1.10120511055
1.10203504562
1.19726490974
0.996019124985
1.50016903877
1.12588906288
1.1739449501
1.29594993591
1.19590306282
1.12887811661
1.10419106483
1.4922850132
1.2176361084
0.985383033752
0.996905088425
1.01660108566
1.39610910416
1.1837720871
1.01660609245
1.07977700233
1.19910311699
1.40484905243
1.20806694031
1.00583291054
1.37376499176
1.10886883736
1.08466100693
0.911474943161
1.19391489029
1.42143702507
1.27419686317
1.49321293831
1.00465416908
1.09546709061
1.10089683533
1.02145791054
1.19181609154
1.38123488426
1.1003139019
0.997397899628
1.10219502449
1.00779891014
1.28229498863
1.11170697212
1.20245718956
1.28728890419
1.19465208054
1.1033949852
0.995975971222
1.09869599342
1.20007896423
1.09917497635
1.19569802284
1.21051502228
0.991138935089
1.09655499458
1.21867799759
1.20202803612
1.0802090168
1.38173604012
1.10251688957
1.39870095253
1.32455801964
1.18164420128
1.28886008263
0.999762058258
1.30206203461
1.19850993156
1.39668107033
1.20267701149
1.09234905243
1.00476813316
1.28891301155
1.20226693153
1.09349799156
1.10752797127
1.18997597694
1.2042529583
0.995645046234
1.20081615448
1.19985198975
1.20493793488
1.29472017288
1.19386196136
1.20462703705
1.29012799263
1.00149416924
1.00347280502
1.29035496712
1.10995101929
1.28904914856
1.10882091522
1.39711594582
1.07489705086
1.08082294464
1.20024895668
0.99809885025
1.20022416115
1.31168699265
1.09174799919
1.19293212891
1.19342708588
1.30304694176
1.29685711861
1.33963084221
1.36012005806
0.996603965759
1.19563102722
1.20117807388
1.30100703239
1.20255899429
1.09377598763
1.18349790573
1.31238698959
1.36616778374
1.21107816696
1.28649115562
1.11312508583
1.09297990799
1.18943214417
1.30041313171
1.30996799469
0.989123821259
0.99764084816
1.19683504105
1.29720401764
1.2062587738
1.19054985046
1.20666003227
1.42329287529
1.17103385925
1.11798596382
1.30901694298
0.983626127243
1.38031315804
1.20104408264
1.11724996567
1.17564320564
1.09621191025
0.87774181366
1.19417595863
1.11137199402
1.18415284157
1.0332710743
1.28112411499
1.08572101593
1.09769797325
1.08782505989
1.1739821434
1.1987850666
1.00164794922
1.09922599792
1.19650411606
1.09710907936
0.93687415123
1.26680397987
0.998956918716
1.10959911346
1.18015789986
1.09992599487
1.11101412773
1.30152487755
0.985897064209
1.30602216721
1.18867397308
1.19828104973
1.20010614395
1.10776901245
1.37860679626
1.20885109901
1.10772395134
1.28887796402
1.00615096092
1.20753908157
1.17811989784
0.921474933624
1.41431689262
1.16274189949
1.00766777992
1.13004922867
1.06575083733
1.1240530014
1.07644414902
1.29733395576
1.401045084
1.08855390549
0.920371770859
1.17570114136
0.934687137604
1.16202712059
1.11307406425
1.18629717827
1.20343804359
1.20526409149
0.992562055588
1.1987760067
1.30274295807
1.18784284592
1.22161984444
1.18332791328
0.990470170975
1.40371990204
1.19727611542
1.19443106651
1.2024679184
1.12622594833
1.3122279644
1.26040697098
1.11502099037
1.09984993935
1.08036780357
1.03607821465
1.16239595413
1.00517487526
1.09081101418
1.19838285446
1.1077041626
1.25953102112
1.14726495743
1.29084086418
1.40509009361
1.30170106888
0.920780897141
1.16055083275
1.22175192833
0.907767057419
1.46423792839
1.19957709312
1.19827103615
1.21226596832
1.29136395454
1.09610295296
1.39366006851
1.00496888161
0.90044093132
1.10461997986
0.901123046875
1.18045210838
1.13267302513
1.07934713364
1.00710606575
1.21176695824
1.26920604706
1.41465187073
1.20926094055
1.26913499832
1.30082201958
1.10072278976
1.09687590599
1.09998297691
1.19854187965
1.01158189774
1.38662409782
1.09872913361
0.928027153015
1.37785100937
1.28847694397
1.19982194901
1.02518606186
1.21464085579
1.26223492622
0.996649980545
1.23535108566
1.3712978363
1.3903670311
1.19617009163
1.10468006134
1.19866394997
1.39487099648
1.19695878029
1.09666109085
1.0262658596
1.0707628727
1.10351800919
1.19804310799
1.01738905907
1.13871312141
1.01017594337
1.19447207451
1.10570001602
1.39249396324
1.21336007118
1.08488106728
1.32502698898
1.06898999214
1.39815092087
1.08223080635
1.08516812325
1.010379076
1.18532109261
1.29996299744
1.10399484634
1.29478812218
0.997929096222
1.10602498055
1.19657301903
1.19276809692
1.19346809387
1.30056810379
1.00100898743
1.29925298691
1.2973959446
1.19251513481
0.998706102371
1.19110393524
1.21041703224
1.09218597412
1.00513505936
1.10882401466
1.09984111786
1.28289198875
1.29858088493
1.10565400124
1.19639897346
1.09095597267
0.924340009689
1.174284935
1.21149516106
1.00898480415
1.27898097038
1.30222511292
1.18823194504
1.01089191437
1.22478199005
1.28451895714
1.27968001366
1.29208803177
1.13444018364
1.0718331337
1.19730710983
1.01127696037
1.0178899765
0.98930811882
0.994781970978
1.28705406189
1.21903300285
1.06822109222
1.09899091721
1.09641909599
1.00440883636
0.895478010178
0.995027065277
1.21374201775
1.18820405006
1.30059289932
1.19490003586
1.21976900101
1.27832007408
1.10639500618
1.19763088226
1.26807904243
1.28913903236
1.03351998329
1.16106510162
1.30218291283
0.999456167221
1.19699382782
0.90575504303
1.30082297325
1.2008190155
1.18739390373
1.30089998245
0.996334075928
1.00273299217
1.34645986557
1.15503621101
1.08559298515
1.14322686195
1.26923584938
0.989403963089
1.09145307541
1.1224899292
0.983160972595
1.10584998131
1.27104115486
1.23164415359
1.08074092865
1.1913921833
1.10653090477
1.21942090988
1.31181406975
1.27389717102
1.2056851387
0.985505104065
1.09509181976
1.1080160141
1.11148190498
0.978147983551
0.903309822083
1.19369196892
1.1045820713
1.30722093582
0.981028079987
1.00139093399
1.19445490837
1.05250000954
1.24589204788
1.11966991425
0.881827116013
1.29332494736
1.00269389153
1.19583487511
1.20278906822
1.0002310276
1.00179505348
1.48975801468
1.30474686623
0.99813079834
1.39399003983
1.13637804985
1.06546187401
1.10216617584
1.09558486938
1.10289502144
1.02418088913
1.36773395538
1.1052069664
1.28434109688
1.09623289108
1.30754494667
1.181650877
0.987695932388
1.20409107208
0.977739095688
1.08815693855
1.28486800194
1.09569096565
1.3080060482
1.19644188881
1.19378304482
1.19536805153
0.906847953796
1.30615901947
1.15305995941
1.10332083702
1.39223003387
1.06527590752
1.10633397102
1.42139816284
1.28491091728
1.1162109375
1.00065922737
1.06040000916
1.02328395844
1.18121099472
0.990917205811
1.00157594681
1.1883687973
1.1867210865
1.29068779945
1.29786396027
1.10935688019
1.29848909378
0.995610952377
1.08954691887
1.20484399796
1.20480489731
1.09308314323
1.10819411278
1.1880209446
1.20319581032
1.08844089508
0.996524810791
1.1000521183
1.10926198959
0.990198135376
0.993355035782
1.10791897774
1.38787603378
1.00432395935
1.09508609772
1.19848203659
1.20404195786
1.10516500473
1.49185299873
1.09700798988
1.11409211159
1.18123793602
1.21395015717
1.08339190483
1.19930696487
1.20294594765
1.00043797493
1.19965910912
1.20336198807
1.09463095665
1.00036096573
1.17256498337
1.22266387939
1.20366811752
