Experiment Results
7.25208497047
7.60268902779
11.7467529774
7.73616194725
19.8745651245
14.6702079773
8.93775200844
7.96744513512
11.268944025
13.777618885
10.1670670509
12.9754519463
7.75393199921
7.56740498543
15.4823479652
7.30390501022
15.7498261929
7.27272200584
15.4665501118
15.6958529949
8.15608692169
14.9805870056
15.7740299702
14.5820040703
13.4717898369
14.2646820545
16.3722441196
20.5746729374
17.075496912
13.1751749516
11.8829059601
11.9794180393
14.7823739052
10.0643680096
15.7797780037
15.6817958355
13.184442997
23.4983968735
16.2619278431
17.5746428967
15.5852160454
18.5939919949
17.7874038219
13.8623979092
14.995898962
12.2829709053
10.7713530064
8.67473006248
20.2107648849
7.87170910835
13.8778529167
8.87042498589
18.1061429977
12.6313869953
14.4219579697
12.2889249325
15.5092389584
7.95902109146
11.7895879745
7.99123501778
9.87154316902
12.0891940594
10.6895539761
14.4095730782
12.4623279572
17.2791368961
18.0043251514
12.8733899593
12.8976740837
8.86949706078
13.0994989872
18.2832288742
15.2187418938
12.782916069
8.28580713272
8.76548504829
8.60558795929
12.5626988411
7.41763401031
11.1627998352
18.4920759201
15.1022808552
19.7833828926
18.8760669231
12.3799138069
11.9938020706
16.9970021248
16.598072052
16.0731749535
20.5843830109
17.7858169079
14.2851719856
9.99058008194
19.535326004
8.25626111031
9.30237984657
11.8899230957
14.6601269245
12.9881019592
11.6851501465
20.5320541859
12.5253038406
14.6376488209
11.0085670948
22.2538471222
9.79202580452
19.0206520557
16.980576992
11.9545018673
15.2701289654
11.378775835
10.5557761192
16.9886739254
20.6639959812
21.4944708347
8.76131796837
9.26193809509
9.1747879982
18.9649610519
16.4718368053
10.6848208904
12.0899469852
17.1530101299
12.3698720932
12.4066388607
15.6493258476
7.78532099724
10.2449781895
13.0056200027
21.1871840954
20.6922500134
14.7597761154
18.79337883
12.4520721436
12.4776771069
16.294921875
8.06727099419
9.81850790977
14.6699020863
15.8499119282
9.07904601097
11.2032780647
14.6590080261
20.0907261372
13.8915920258
9.92003488541
18.8461949825
15.9745879173
8.17558813095
8.79906702042
14.5054750443
11.752874136
17.8044729233
10.9812440872
10.2676639557
15.5812618732
13.5259521008
12.2757539749
18.0258688927
23.5355350971
15.4954609871
13.1689548492
7.9211268425
16.5624091625
10.7628490925
12.8938839436
10.2833089828
21.4014098644
8.67491793633
22.9946758747
16.4940500259
16.5772769451
21.1332859993
22.1441719532
14.0732460022
16.8012588024
19.3793070316
20.4855060577
20.0119788647
7.37184596062
11.0190029144
8.14166283607
10.4191319942
9.15485596657
17.9008710384
11.2680051327
9.40784883499
15.0477428436
10.7265150547
11.0041668415
13.8727960587
10.1789419651
14.7911119461
11.4860639572
11.7923510075
14.9917709827
10.7812979221
10.6884150505
20.0898230076
11.1915450096
21.428401947
11.3264679909
10.3955790997
11.2565889359
13.1735169888
13.7433958054
12.7863779068
23.3498308659
12.3549380302
11.4966518879
12.3546588421
21.8815670013
16.0793499947
15.7332861423
8.27278995514
17.8818781376
11.5678400993
15.3751988411
10.6610620022
10.7841999531
7.46554589272
14.3741810322
8.89897799492
18.0707161427
17.8575778008
16.7697160244
11.5709490776
8.61482906342
18.3588550091
14.4486920834
8.98760986328
13.0641231537
8.07588720322
9.46482300758
16.6352579594
10.3407459259
16.5984508991
16.1697208881
7.97420787811
12.3723950386
16.0066111088
16.7698800564
12.5805809498
10.9829030037
9.47281312943
19.9909510612
11.0807402134
11.7915248871
12.5712618828
8.00037693977
11.2717158794
13.5085320473
9.61149191856
13.4460179806
11.8322141171
10.1322231293
11.9037568569
14.2745120525
14.4820940495
7.67876195908
8.79483413696
11.8075709343
10.8639969826
8.07905721664
12.4903259277
12.7876679897
9.8749229908
9.99845695496
14.8757491112
15.6013159752
14.7058639526
8.06201910973
12.1062738895
10.8700840473
9.28097200394
15.4011881351
12.3993389606
8.86204695702
14.3973989487
8.78041386604
9.18557310104
9.30017805099
8.77009296417
8.20790314674
9.38246703148
10.3811938763
7.71071887016
12.3675949574
14.8656990528
14.9997909069
15.0255000591
9.6478331089
13.8342368603
16.6444411278
12.7101769447
15.0740759373
15.9875929356
15.2823400497
16.615334034
21.0618889332
11.3178939819
14.7248840332
15.7257580757
12.2465519905
10.7667620182
12.0278820992
13.3061790466
9.04660797119
19.9660561085
20.5646841526
17.477107048
7.76480102539
8.93721103668
10.4742789268
10.5895991325
9.95441508293
10.2676019669
8.4806330204
16.4895641804
9.37447190285
12.3666729927
14.4913508892
13.1486899853
12.7775378227
10.9782819748
11.377311945
19.6843061447
19.2616200447
10.0574951172
7.96288990974
15.8944818974
11.9915730953
7.47153186798
8.07218599319
14.0981528759
20.1012117863
20.7514529228
12.586794138
19.2740650177
8.24932312965
13.8882908821
11.9334928989
11.2459101677
14.5778560638
15.501871109
8.18520092964
19.8657541275
11.790831089
12.5945019722
15.0772809982
14.476211071
15.8766639233
11.9883949757
9.78985381126
11.3780860901
10.4938950539
11.4075219631
11.2816238403
7.86278295517
13.3879840374
15.005243063
13.7722530365
11.4884531498
18.8820581436
10.9888210297
13.6011559963
12.9729969501
10.5891470909
10.4771518707
10.1009290218
13.2869539261
18.9651110172
22.2080271244
11.9000999928
20.2758982182
19.7751569748
13.9981620312
19.1839051247
8.19375085831
13.7928562164
9.06823205948
13.4346740246
10.3531508446
24.1947829723
14.4079167843
13.3536939621
7.89380097389
11.4922349453
16.7888410091
15.7864449024
16.9984910488
17.174696207
16.375164032
15.7419188023
25.4336311817
14.8786101341
17.9347858429
16.585105896
11.1751708984
8.28461098671
21.5954890251
12.2309401035
17.1453709602
14.5354301929
16.2599439621
13.8624920845
9.2710211277
8.46362495422
10.3763389587
11.8559780121
8.28375005722
8.03716897964
8.19086408615
10.7856109142
14.0659430027
13.3735928535
17.6699719429
11.983935833
19.8661689758
14.1723849773
8.67496991158
11.4762370586
16.4782848358
14.7934398651
10.554336071
27.2796909809
23.4707210064
10.2805631161
11.6939089298
8.86734104156
8.39580321312
8.24571108818
10.638988018
9.32146191597
22.5341911316
12.6564428806
10.9764969349
12.0687749386
10.6916480064
13.4528470039
17.3043692112
14.3528990746
10.3803420067
19.0782938004
7.78291797638
14.3935320377
15.1716690063
11.9947068691
17.8888368607
12.3694708347
13.6549539566
15.5140690804
16.9894189835
7.38482189178
8.27659893036
12.5906069279
8.77366113663
11.2141940594
8.86017799377
14.2893438339
18.7715709209
11.5960009098
19.1865949631
16.7186839581
15.8626251221
8.19096207619
19.0517179966
22.0022997856
14.2098619938
18.3710391521
14.1841261387
13.1913208961
8.98499798775
20.0901331902
11.2209429741
17.8690590858
16.9862151146
16.6654939651
31.8159570694
12.7638061047
14.0785131454
16.7430889606
17.7399740219
31.0021648407
13.2693040371
10.5071921349
12.8851428032
8.93802595139
11.9721899033
22.6752150059
15.757735014
21.8976781368
13.1815071106
17.7017550468
11.0972070694
8.69840288162
15.3641138077
11.2736041546
19.305606842
16.4828248024
13.8987588882
15.1192831993
18.333837986
8.05821895599
11.9453279972
8.75656604767
13.4735331535
7.84779787064
7.86879992485
12.5709989071
15.8081359863
8.41610598564
9.2712290287
12.1682560444
15.0135819912
17.7782928944
9.135409832
8.8618118763
11.8869869709
15.9153430462
12.211234808
8.92788982391
11.8609101772
8.56146097183
11.1686542034
15.7617340088
22.5914549828
9.57534408569
8.56132006645
7.7105550766
11.287498951
12.3617358208
9.95980095863
10.3113400936
14.9413399696
14.914880991
8.04453992844
13.7842700481
12.5939228535
10.2859299183
10.4838020802
10.554705143
12.0020148754
9.15803813934
16.1040070057
17.7844638824
20.7692539692
16.9773271084
11.7096259594
8.35971403122
14.4896059036
10.7824549675
12.9962520599
7.38053202629
13.678814888
16.8954260349
15.2248148918
15.8393177986
21.1932048798
14.6019430161
18.9622659683
20.2962529659
7.47877407074
9.58506608009
8.67577409744
10.504750967
16.7916510105
12.2627952099
17.9146928787
6.56869792938
11.2203381062
12.5489609241
8.89429998398
7.96048903465
15.2198400497
14.9869718552
16.2723608017
10.3872339725
13.6710119247
15.0541768074
20.8116438389
26.7719888687
14.2947070599
13.0801770687
8.53064894676
8.04936408997
11.0970680714
7.08560991287
7.29207181931
9.28416204453
14.9128420353
16.1763851643
15.0762550831
7.76166009903
9.55235600471
14.3719470501
13.1705379486
7.59341287613
17.76841712
14.6714379787
