Experiment Results
10.4134888649
13.3370730877
8.41359996796
7.62571406364
7.89658904076
7.7460231781
9.6835269928
7.20924282074
7.65998291969
7.94663405418
10.1335990429
8.37198495865
8.26469087601
8.09644317627
11.2201068401
9.22467279434
9.02458405495
7.35110998154
8.3721139431
7.93571400642
7.33217597008
10.7932789326
7.21455216408
8.35668706894
8.38497805595
7.5339140892
7.41672515869
7.95831108093
7.52142310143
8.4926738739
7.9042930603
7.76036190987
10.8011720181
8.47708511353
11.605948925
9.66235804558
7.83539700508
7.90691900253
7.96519589424
8.50399804115
10.0888299942
9.18216919899
10.2759459019
7.51395893097
11.3487138748
13.3831129074
8.17165207863
8.26615381241
7.34251689911
8.1819870472
14.8581221104
10.4305448532
8.36123514175
7.54258489609
7.68484187126
7.31143403053
11.6979298592
8.27409601212
7.64323091507
8.02895402908
7.02381801605
14.3312060833
7.3879339695
7.57124304771
8.3142490387
7.71122598648
9.09369897842
11.6272349358
7.28380298615
8.11423492432
7.13686680794
9.46345901489
9.27363991737
7.970484972
10.1886639595
12.2470719814
7.66342806816
7.94331002235
7.22315120697
7.73702001572
8.63532209396
7.43529200554
8.29570221901
8.31548309326
16.9760520458
7.81515002251
16.5531749725
7.76215910912
7.36081814766
7.15168190002
8.40020394325
9.59419798851
7.79876589775
7.74850702286
7.51137685776
8.17024803162
7.28919291496
8.57528614998
8.33211803436
10.2849650383
14.6972939968
8.72165298462
8.57404994965
12.8006868362
9.6814031601
8.0086619854
15.9778821468
9.05546188354
9.28665018082
7.31681990623
8.35741186142
8.67707419395
8.47518706322
15.6290478706
7.54044008255
10.1626338959
7.8273460865
7.91620016098
10.7665691376
11.757142067
8.12284612656
9.87970900536
8.27380800247
8.22871804237
9.8236079216
7.78027105331
8.68473887444
7.44420099258
11.6523180008
8.93555498123
12.6718509197
14.475030899
9.71079683304
11.0308120251
8.83030390739
7.71446609497
8.19047403336
14.313575983
10.6791141033
7.87910699844
9.50698184967
11.3657329082
12.1413068771
8.38262104988
7.78508710861
10.2177670002
9.60294294357
7.73686099052
8.05359506607
7.5046710968
9.80310702324
8.46738195419
14.3120939732
8.70440387726
7.83193898201
7.42847895622
7.55960917473
7.8979139328
13.0712840557
8.04043889046
7.34538817406
8.7922141552
7.8799738884
7.99449419975
7.43992900848
8.80886316299
8.55628800392
12.5023541451
9.60030794144
8.8284740448
10.5905900002
16.2587490082
7.52034020424
7.42610406876
8.09249687195
8.55168414116
10.0669782162
7.82110309601
7.73247694969
15.1344008446
9.21493291855
9.27376794815
8.06328511238
8.21532702446
7.88260817528
8.28969097137
8.98791694641
7.8954269886
10.565472126
8.27149200439
15.2923700809
8.76808786392
7.6865439415
7.37767195702
7.8206050396
7.991751194
12.1648020744
15.0222899914
7.97199106216
7.96737003326
10.6999390125
8.167137146
26.6219789982
8.73814702034
12.3875260353
8.99644398689
9.68583202362
16.1260938644
8.79378199577
10.4224591255
7.83333492279
8.07393407822
18.9328460693
13.8739919662
14.8297829628
7.85711193085
13.9221899509
14.4245181084
7.46817588806
13.4461629391
8.11227297783
12.1251280308
10.6631369591
8.54252481461
8.42080307007
7.72826385498
7.54802584648
7.84725689888
7.71078300476
11.1930420399
10.7012979984
7.13866901398
10.8397839069
9.2412109375
10.9824569225
14.4074859619
9.05577516556
7.91409707069
13.373516798
8.44654607773
8.58037686348
9.46245598793
15.5147678852
7.77342104912
13.5993468761
8.57344818115
15.3143072128
11.8634347916
15.8561871052
11.4941589832
12.98178792
8.41859102249
8.16173505783
8.86282396317
8.43136000633
8.38663983345
9.05310297012
7.17648100853
11.1483750343
8.80653786659
8.05920600891
20.2364659309
8.13109993935
11.1458981037
8.45073699951
8.95326805115
8.49079489708
18.0412228107
7.20296502113
8.74713110924
18.5527439117
7.93451786041
9.73695993423
14.1712019444
8.49094200134
8.85816192627
9.18904495239
10.4681749344
21.0438630581
9.44095516205
10.6118819714
11.1265730858
9.22168803215
7.49433803558
15.3982739449
17.4097890854
7.48466801643
14.6877701283
14.025302887
16.0331130028
8.31773400307
8.93426418304
8.17197489738
8.60202407837
12.7530939579
7.52978610992
14.7014508247
9.488904953
10.9360389709
15.7589030266
8.51208496094
16.1432409286
10.2088770866
8.84944295883
8.63755083084
9.46183609962
9.20413303375
13.6429560184
10.8554461002
10.258671999
9.39269781113
10.0288610458
7.98861598969
8.67518806458
13.9144318104
9.3952858448
8.85091114044
8.76873993874
8.62124896049
8.06883716583
11.9895980358
8.57759809494
8.11614394188
14.528742075
9.32196903229
15.2276599407
8.41480493546
12.0362699032
8.27196002007
12.8279659748
8.65760612488
8.17264008522
7.94961380959
9.77375102043
17.2014780045
8.48105406761
14.6622779369
7.99152803421
13.3105061054
8.69392108917
21.0187389851
7.32557821274
8.63837099075
10.2779040337
8.40970802307
8.37458300591
15.8832659721
9.78456497192
7.87806105614
7.95964717865
10.5571439266
9.05404901505
14.899379015
8.02625894547
9.05996203423
7.82775497437
9.8132917881
9.39506292343
8.58334493637
13.6810069084
10.8123879433
7.62641692162
9.40998482704
7.67371797562
8.4658370018
8.11694598198
10.9810628891
10.0123460293
7.83019113541
7.22818183899
15.018982172
7.78519892693
12.2021520138
16.3440551758
7.55900788307
7.93719911575
18.1160318851
12.9541959763
8.17933607101
7.92727208138
7.37797498703
10.1297059059
8.48758888245
8.25165319443
21.9556839466
12.3865821362
7.85556197166
8.85582900047
7.94059491158
15.8274350166
8.63328099251
8.2187769413
8.4662899971
13.8551189899
7.53360199928
14.608301878
7.05725502968
7.80691313744
8.20295786858
7.64664411545
8.60971093178
8.30336499214
8.55764102936
7.96988201141
9.89882278442
8.32463717461
9.76729393005
7.96629595757
9.80531692505
16.2044610977
9.78530406952
10.0482258797
11.8631389141
19.6955709457
8.45162510872
7.28933906555
7.98848104477
7.78818178177
8.68276691437
8.02297592163
7.56592702866
7.72639799118
7.43874120712
7.5474460125
8.60667300224
8.01181006432
7.426197052
9.62507486343
22.6191928387
10.2837970257
14.3720269203
9.63336610794
8.24599695206
10.683932066
7.88122320175
11.8150000572
12.9517278671
11.9563789368
11.3691680431
7.48546910286
7.58187007904
9.72830581665
7.82632803917
10.7070059776
10.8830659389
8.79713511467
10.8180370331
10.4288341999
7.9808678627
11.7715930939
8.6722779274
7.73999094963
8.25230813026
10.3021130562
8.26550793648
8.10188102722
8.21013712883
8.0009469986
12.6940808296
8.16428995132
7.85049819946
7.6977660656
12.7871258259
7.35776019096
26.8222820759
8.0802090168
15.4272210598
8.5505001545
10.1739051342
14.3118560314
7.64618301392
11.2861459255
11.4072768688
7.9867169857
10.8974430561
8.78844690323
17.4640159607
23.4448409081
20.4640641212
16.8619720936
8.67844986916
8.12913393974
11.7488322258
7.56384301186
7.94446015358
7.96500086784
7.1155500412
8.06525683403
12.4357259274
8.14456796646
7.74623012543
7.69317889214
12.579739809
8.24459886551
7.56097197533
7.28557801247
7.39173603058
11.9548001289
8.29054188728
8.02097296715
8.5336420536
8.41030812263
7.57007408142
7.46929788589
8.27166390419
7.39841890335
7.92485308647
10.1417899132
8.56011295319
8.22044014931
7.74918413162
8.74777507782
8.04217195511
9.96261096001
7.83896684647
9.878439188
8.47439002991
9.08717012405
15.841917038
7.96635222435
8.80108118057
8.84048509598
16.2699029446
9.26426196098
7.57337999344
7.61061501503
7.49856209755
8.63251900673
8.02161097527
8.01243710518
15.8134050369
8.860216856
11.5863029957
8.07292485237
8.82783508301
7.36696910858
8.69592690468
7.41333580017
8.50180602074
8.21667790413
7.84767198563
8.30003881454
30.2102861404
10.5478441715
12.5874569416
8.69241094589
16.5727748871
7.67431712151
22.8913290501
8.07888007164
8.57585406303
8.39921617508
7.85379505157
8.29932808876
8.20473003387
10.8287279606
8.52793002129
11.3799550533
7.28593707085
8.08342504501
7.59995603561
7.18308615685
8.78690195084
8.332873106
8.53295588493
8.82554912567
7.90184402466
7.28383588791
8.22717690468
7.89813995361
9.82670998573
8.10778808594
7.36411905289
7.17240810394
11.6709649563
11.1175069809
19.0686511993
8.62205600739
7.73572897911
8.18971896172
8.10355687141
7.92640304565
8.6639919281
7.75257706642
8.07935714722
10.4245538712
8.2269859314
7.86816692352
7.81014299393
7.72977209091
7.92455983162
8.00153589249
7.49951505661
7.15964889526
8.30805921555
7.46816897392
7.69946694374
9.40733599663
7.43114900589
7.84570813179
