Experiment Results
8.63584899902
7.13004899025
10.7362890244
6.84156894684
10.2644970417
6.96990203857
9.66234493256
6.54926395416
6.66637206078
12.2709591389
7.76118683815
7.0772960186
8.08116292953
9.0613489151
11.9690551758
10.6735131741
6.36806416512
13.7898931503
8.78917002678
8.26901292801
7.58005595207
6.64891815186
9.67299103737
9.10136890411
9.37284898758
6.55449414253
11.8871529102
11.7789509296
12.261464119
10.7734308243
11.5793731213
9.77261805534
11.48052001
11.478497982
12.7826879025
9.60104823112
9.66802787781
11.6845390797
9.77624106407
11.2564752102
13.5829029083
10.4853050709
11.9507460594
11.7232460976
9.7585940361
12.2786021233
8.10981893539
13.3521790504
12.1112618446
13.0511128902
11.695456028
9.87795615196
14.8174769878
9.07317996025
9.85555696487
9.55466008186
6.70702910423
10.0020940304
9.26490688324
15.5894870758
10.5163640976
7.85778999329
11.1046998501
7.89548301697
14.2649419308
14.289249897
9.07161307335
12.5228290558
11.4835419655
7.45498919487
9.21421504021
8.16416597366
6.46868920326
12.5098590851
10.8859429359
12.4823892117
14.3000850677
8.37370014191
9.20283293724
9.26791906357
11.0944170952
13.281952858
11.9862520695
9.09914493561
7.98033499718
6.71099996567
7.78838086128
9.57425189018
12.3859760761
9.4070019722
14.3846280575
16.488820076
12.8764090538
10.3756079674
10.5028560162
10.1944139004
14.3682441711
10.7962539196
11.2971951962
11.9472310543
10.4343039989
13.4094319344
9.64239501953
9.41176199913
8.88949012756
8.85245203972
7.11426591873
6.6151330471
9.64763498306
12.9857840538
12.4337229729
11.9693539143
10.2439689636
12.0300071239
6.65716314316
10.0675399303
10.8544530869
11.6853840351
9.58895015717
15.0186240673
14.6664049625
7.91670107841
13.3596880436
10.6995511055
7.45789718628
9.67637991905
8.86829805374
11.9791550636
7.1099011898
7.35654783249
11.2687599659
6.29146003723
10.4851739407
11.046074152
12.4003889561
6.66906785965
12.9210259914
11.23087883
10.8573589325
11.1786289215
9.48745107651
9.99068498611
6.35565209389
10.4561238289
10.9953849316
10.9951040745
9.96126794815
12.4965369701
10.7803039551
12.2772529125
7.17400503159
8.58557200432
10.7901139259
8.47692394257
12.0901761055
8.88688182831
6.97021007538
6.44724607468
8.82773804665
8.29949593544
11.2574408054
7.67751598358
12.6978621483
9.26997900009
8.18877005577
10.4978017807
14.4765560627
7.48838615417
11.2901830673
7.48470807076
9.44805407524
13.1175370216
12.4866378307
10.7943580151
7.0786921978
13.2945868969
11.8860249519
6.2862701416
13.4770100117
7.9849319458
8.78431391716
9.7080039978
11.9049770832
9.05697393417
8.68395090103
8.17232704163
10.1973211765
7.50448894501
9.86361098289
7.9930729866
13.474296093
12.0975940228
11.9818248749
9.01383900642
10.5594348907
12.193972826
10.8818099499
8.28414392471
6.6900498867
9.08419299126
11.9356150627
11.7859580517
11.3287329674
9.87917995453
12.2635169029
7.17497014999
7.85171890259
9.58338308334
10.2511510849
6.66976118088
8.47396183014
8.07211303711
10.6656951904
6.97039890289
8.1444041729
7.11527681351
12.0600891113
10.5121309757
9.03831195831
8.90042901039
8.04956388474
9.96768903732
11.6893517971
9.73580980301
10.3926479816
5.96960997581
8.07584095001
8.89490294456
11.2734107971
10.7899000645
12.0317959785
8.51058101654
8.68986606598
6.87001013756
8.77570199966
6.76927709579
10.884510994
7.18200612068
9.86056399345
9.99379086494
12.0896289349
7.47879004478
10.361689806
11.6826741695
9.29533195496
11.2847418785
10.3679749966
12.6805310249
6.70269203186
8.77661180496
9.08805990219
7.07285904884
6.58022999763
9.29744911194
11.382174015
8.17800784111
8.10724401474
10.0608789921
6.78658413887
8.50520610809
7.59731483459
6.94813799858
10.2990009785
12.3492569923
11.8122057915
9.49020695686
9.57913804054
8.39197301865
7.18039608002
8.79525494576
7.28494000435
9.68739199638
12.785722971
9.78698897362
11.2102098465
13.165004015
12.8975691795
8.08792185783
6.87963795662
5.98130011559
5.78386998177
8.28723692894
9.78548192978
7.39656114578
9.60251498222
8.26433515549
10.6783158779
10.8080229759
9.88642215729
10.9744131565
6.63553404808
10.5535831451
10.097949028
12.2806129456
8.68763804436
9.59011602402
11.8910961151
9.88113284111
10.8896899223
10.6279621124
15.067086935
9.43070983887
16.8523948193
6.52897500992
15.2482919693
11.1782739162
14.0421469212
13.2711000443
12.5856029987
13.6501641273
10.6664960384
10.0797839165
10.9694259167
12.8660440445
11.7815990448
8.17314791679
9.12249708176
7.87401390076
12.5838069916
14.7184071541
10.7021551132
12.7804720402
16.0839278698
13.6642320156
6.97697305679
7.29115009308
11.4702448845
7.25779604912
10.1819698811
12.4838938713
13.2719898224
14.2899990082
10.3479728699
10.674435854
11.2888350487
17.977741003
12.6737689972
6.24414896965
11.1133561134
10.08537817
9.17584300041
9.39819002151
6.16507911682
7.37375092506
6.78587889671
8.48249816895
7.98988509178
10.3467590809
8.62577915192
10.8606238365
12.4876301289
7.57847809792
10.8843450546
11.4877238274
7.47344303131
15.7977468967
13.6824829578
6.8724398613
12.2493870258
10.4748899937
8.03868198395
14.3549249172
9.1635518074
11.4162929058
8.46778297424
11.0777709484
15.3876781464
9.46959114075
11.9919650555
9.57371687889
10.0174539089
6.55397891998
10.2926909924
8.37907004356
14.9077291489
9.56134319305
14.0947380066
7.09695291519
9.80820798874
8.76352596283
8.98960494995
8.05285596848
7.39537286758
13.7974879742
9.87049508095
11.2934041023
10.4138140678
12.0766298771
7.98456192017
14.1790618896
9.1059319973
12.3835370541
8.26179409027
10.400331974
6.45356202126
8.40366196632
9.69643306732
7.11962509155
12.7617650032
8.35003900528
7.33485984802
7.62836384773
10.362334013
12.5397391319
14.8426430225
16.771176815
8.33412098885
10.2929968834
9.65404081345
8.75862216949
9.67771697044
9.55995583534
8.75265312195
9.07881188393
7.97010397911
12.2702169418
8.3817050457
13.687071085
13.2431130409
10.1719369888
7.60884714127
11.4532949924
14.4603030682
11.8737919331
11.2775399685
10.2820560932
8.25115585327
12.8918759823
9.55311799049
8.98203396797
7.48035097122
8.99201703072
11.0851771832
11.0470700264
10.0898530483
9.68423700333
9.97984790802
8.58191895485
9.76486706734
10.618491888
9.53061199188
8.3051109314
7.96506690979
7.72312188148
8.52582406998
7.58305287361
11.6054821014
11.3216898441
7.3858089447
10.8085858822
7.09216213226
8.85275793076
7.81415700912
8.46975111961
9.70787096024
10.2762200832
11.2972779274
11.2649638653
10.2924981117
8.28965687752
12.2772009373
9.07353901863
8.60189700127
7.35595822334
7.18807888031
10.7939310074
10.168653965
10.473845005
7.59650182724
7.48901796341
10.4831178188
6.78449010849
11.4778850079
10.2004361153
7.88017988205
8.18095183372
9.11512994766
9.37424087524
12.4540069103
10.4092600346
6.56650495529
9.11419487
11.7838358879
10.8875160217
10.9042270184
10.5817430019
10.0808589458
7.98097491264
9.96320009232
6.6096470356
7.2850189209
8.49632406235
10.9809510708
9.29472494125
8.39903688431
8.80925822258
8.29444289207
9.75344085693
6.98539495468
6.88432407379
11.0926399231
13.7952558994
12.626292944
6.74175095558
6.47706198692
12.9418840408
10.3491969109
11.6721560955
7.2723338604
9.97686100006
7.85978603363
13.0721099377
12.8731298447
11.1702921391
8.57051920891
12.3699150085
8.37601494789
6.97430086136
10.9969959259
8.15243291855
10.575617075
12.6748609543
9.07477903366
9.9727909565
13.5802049637
8.96637010574
12.0967690945
7.96636199951
10.9115800858
9.34990096092
8.59474992752
8.46085810661
9.25938987732
9.5823738575
8.68024086952
13.1888799667
9.87006807327
6.37454104424
7.29037690163
8.97923898697
7.19957184792
6.9588329792
6.98456788063
10.4788899422
7.21014690399
12.2513380051
10.1133978367
6.5806210041
9.85292005539
9.01171803474
27.8551638126
11.5976040363
8.48726606369
11.6799309254
10.2854418755
6.69441103935
11.4905369282
7.57688498497
10.978951931
10.8779969215
10.9912109375
13.3887059689
14.1099598408
11.7551629543
9.68594098091
10.1195111275
6.87661600113
7.26965403557
8.08772492409
9.18809604645
10.4739198685
11.7955811024
12.2889049053
12.3934941292
13.695348978
11.0814630985
7.17507100105
6.69260692596
11.8080348969
7.67019081116
7.69239401817
8.98428797722
9.60545110703
8.97478795052
9.90273499489
7.09098291397
11.2683820724
11.6938068867
16.0869739056
9.28050208092
7.00076794624
12.38722682
10.0829880238
10.2971999645
8.62498402596
10.5426969528
10.2899339199
7.38895797729
10.1560168266
14.5674710274
