Experiment Results
1.79085421562
1.8014190197
1.69682502747
1.59210205078
1.61080598831
1.7939889431
1.69687509537
1.62991714478
1.67773509026
1.59148287773
1.70434498787
1.69370007515
1.59580087662
1.58962702751
1.79118895531
1.62780809402
1.81904888153
1.59150290489
1.78945302963
1.78656005859
1.40037608147
1.79567790031
1.69353699684
1.60802912712
1.68718218803
1.78273105621
1.6209731102
1.70520496368
1.79542398453
1.79641294479
1.61380290985
1.58664703369
1.79163885117
1.62179207802
1.58070397377
1.79389309883
1.59778618813
1.71149682999
1.59848093987
1.78590202332
1.70847415924
1.71762084961
1.65302491188
1.72058701515
1.82368087769
1.68151712418
1.79000496864
1.6960670948
1.69819712639
1.60733294487
1.80225419998
1.50074505806
1.69830513
1.78383302689
1.70939087868
1.49699020386
1.60714697838
1.78677892685
1.60427093506
1.58757996559
1.80654096603
1.59209799767
1.5081551075
1.58851408958
1.80157899857
1.80412507057
1.68931102753
1.91537690163
1.64696407318
2.0001039505
1.90387582779
1.60534000397
1.68899703026
1.69784712791
1.80403208733
1.77627086639
1.69215798378
1.69771313667
1.5964140892
1.70755195618
1.59861803055
1.48939800262
1.89410400391
1.71034598351
1.79200100899
1.69914078712
1.80083489418
1.79468417168
1.7225458622
1.58030986786
1.60472393036
1.68237495422
1.59633994102
1.80428218842
1.53420996666
1.55729818344
1.70070695877
1.66966295242
1.68486905098
1.51560878754
1.8098859787
1.68862199783
1.78614282608
1.50712895393
1.72929000854
1.37432193756
1.71693181992
1.67145800591
1.59773302078
1.71699810028
1.49272298813
1.80850505829
1.77935004234
1.61046910286
1.79626297951
1.7956161499
1.69585394859
1.69252514839
1.70754504204
1.4883480072
1.60251283646
1.89884710312
1.7944791317
1.79906392097
1.60840916634
1.68934583664
1.80070710182
1.59921693802
1.60306501389
1.69716191292
1.69097995758
1.62719011307
1.67088103294
1.60925912857
1.69810700417
1.80121803284
1.68802189827
1.69569516182
1.8281648159
1.57109284401
1.70352292061
1.69066095352
1.69958281517
1.71163201332
1.69868898392
1.59647393227
1.59888005257
1.78946900368
1.50794911385
1.69232606888
1.692964077
1.69637179375
1.70319604874
1.5954310894
1.6963698864
1.81611204147
1.48264813423
1.90116214752
1.696185112
1.70096898079
1.60707902908
1.68556499481
1.90921998024
1.88978695869
1.60202097893
1.7144510746
1.69074678421
1.59119081497
1.6954369545
1.60632395744
1.69411110878
1.79056787491
1.80194687843
1.59636688232
1.79977297783
1.60900592804
1.62005114555
1.57384109497
1.69339680672
1.69247698784
1.68099284172
1.73942184448
1.77614498138
1.5956029892
1.70756292343
1.59050011635
1.82230401039
1.67443299294
1.69612503052
1.60489988327
1.69875502586
1.70067405701
1.69702506065
1.69207692146
1.61908698082
1.79024410248
1.51042914391
1.55634999275
1.69962501526
1.78712701797
1.7017929554
1.69915485382
1.6064209938
1.70095515251
1.590020895
1.89810705185
1.79084992409
1.71006584167
1.70259714127
1.6883649826
1.60729980469
1.79091310501
1.69907402992
1.50403094292
1.69577908516
1.69379997253
1.59486508369
1.60112500191
1.775837183
1.61637496948
1.60663986206
1.60170006752
1.59997105598
1.88732600212
1.60838985443
1.7005610466
1.58857798576
1.70302987099
1.80494499207
1.7930688858
1.60224604607
1.59163403511
1.69374799728
1.9010591507
1.59999799728
1.79211616516
1.60842418671
1.68834114075
1.59769201279
1.70454597473
1.60264205933
1.59397697449
1.59485602379
1.71122384071
1.78890681267
1.69980788231
1.69814109802
1.59634494781
1.79843091965
1.79572510719
1.71087098122
1.69622206688
1.70041894913
1.67350387573
1.6169860363
1.57551383972
1.55318808556
1.6981010437
1.7395169735
1.55663704872
1.59761404991
1.61445713043
1.68968892097
1.809278965
1.59028816223
1.69849014282
1.59072208405
1.60964989662
1.692497015
1.69307899475
1.50165891647
1.70121192932
1.81055879593
1.69466304779
1.69126796722
1.66634893417
1.59306287766
1.70443296432
1.60321307182
1.70954298973
1.77749919891
1.69813704491
1.80048799515
1.60973215103
1.59285402298
1.68952298164
1.69540500641
1.57745814323
1.69549608231
1.79665017128
1.61367201805
1.59246492386
1.6659040451
1.69167399406
1.60044312477
1.57514405251
1.6212310791
1.88888096809
1.60544586182
1.70194101334
1.69634890556
1.7110710144
1.59258699417
1.59479999542
1.79132580757
1.60903096199
1.68509316444
1.70655703545
1.72340512276
1.57833194733
1.49701809883
1.49497699738
1.6053750515
1.59601402283
1.60270214081
1.68574213982
1.69854712486
1.70896100998
1.61418509483
1.77690887451
1.70260906219
1.68818998337
1.59786105156
1.59442400932
1.59484791756
1.71933984756
1.6904759407
1.50239706039
1.60085821152
1.59391212463
1.60553407669
1.68914818764
1.69155693054
1.61357092857
1.68897104263
1.80944395065
1.68679404259
1.70084214211
1.70839810371
1.81514787674
1.66750884056
1.70199799538
1.61099720001
1.8966050148
1.68497800827
1.49699807167
1.6994099617
1.80668187141
1.69294810295
1.70011711121
1.59745597839
1.79549002647
1.60761189461
1.60180497169
1.70264387131
1.81389904022
1.6797440052
1.69836997986
1.47055792809
1.59486079216
1.58632993698
1.60364413261
1.80077314377
1.60586214066
1.5921690464
1.69407486916
1.59590792656
1.70180702209
1.7974729538
1.61716198921
1.68674683571
1.8951818943
1.80132603645
1.58972382545
1.71024799347
1.60433697701
1.69673705101
1.6883559227
1.59700393677
1.60760807991
1.68965601921
1.69559383392
1.60487914085
1.59598302841
1.9054210186
1.89161109924
1.61062502861
1.71601986885
1.57065987587
1.69874811172
1.83420491219
1.66312217712
1.60033178329
1.60230112076
1.6982448101
1.693349123
1.70119214058
1.80497097969
1.69528698921
1.60229086876
1.59427213669
1.79747009277
1.78911304474
1.63647389412
1.6784260273
1.58843207359
1.60293006897
1.49981880188
1.59707689285
1.50009799004
1.59804916382
1.58976793289
1.822453022
1.77563714981
1.69748520851
2.00713014603
1.79082798958
1.60308003426
1.69962596893
1.79296684265
1.70950198174
1.78650999069
1.80958795547
1.7972009182
1.68915700912
1.69836187363
1.7194519043
1.58870697021
1.88839697838
1.79713892937
1.70138502121
1.70548319817
1.69156694412
1.69444417953
1.61753296852
1.69108605385
1.5888710022
1.59644389153
1.5136218071
1.6844189167
1.51416897774
1.68400192261
1.60926604271
1.70684695244
1.49115991592
1.6853120327
1.70076608658
1.69601297379
1.60196399689
1.60193800926
1.79626893997
1.60717082024
1.68252110481
1.81318902969
1.68278598785
1.80784988403
1.68722105026
1.79752993584
1.59922289848
1.56245088577
1.60423207283
1.79586482048
1.60074591637
1.70856499672
1.78410696983
1.80727100372
1.60037112236
1.69923901558
1.69141411781
1.6002240181
1.79706001282
1.7048330307
1.79180288315
1.82845687866
1.85836791992
1.70866012573
1.705493927
1.68861985207
1.81176805496
1.58864998817
1.69620084763
1.70941996574
1.7863099575
1.71097111702
1.68798208237
1.60138511658
1.71362113953
1.68095302582
1.59489393234
1.51642584801
1.78142595291
1.71592402458
1.57899284363
1.70077013969
1.70134401321
1.50654006004
1.58617687225
1.51371192932
1.59575200081
1.60306811333
1.59405493736
1.79857707024
1.69515395164
1.70842790604
1.57885694504
1.69688796997
1.90453696251
1.70502185822
1.71883392334
1.69150900841
1.77470612526
1.70098590851
1.61588692665
1.69060897827
1.71332788467
1.79497003555
1.58713293076
1.69528794289
1.89025807381
1.69636416435
1.61386680603
1.70986104012
1.67783904076
1.59027814865
1.73279309273
1.77047991753
1.58919000626
1.80755519867
1.67804598808
1.71906805038
1.70472002029
1.49932813644
1.69402885437
1.9042570591
1.73189687729
1.65236496925
1.79880189896
1.69931793213
1.69410705566
1.61098098755
1.58731508255
1.70888996124
1.58416700363
1.59780502319
1.80507397652
1.79502105713
1.79460310936
1.70349621773
1.70517206192
1.79011297226
1.58445382118
1.50165200233
1.56909203529
1.91255497932
1.58456993103
1.71418094635
1.71615099907
1.57711911201
1.59527587891
1.61208701134
1.88750696182
1.69667387009
1.6248550415
1.48457717896
1.68641400337
1.69764184952
1.90031909943
1.59724998474
1.61223602295
1.79238414764
1.69047117233
1.60725522041
2.0947561264
1.7072558403
1.58549308777
1.70352506638
1.60552382469
1.69596409798
1.68763685226
1.71835112572
1.67281794548
1.6199901104
1.57881617546
1.69934892654
1.70231795311
1.69219398499
1.81813097
1.6884291172
1.79395794868
1.70966696739
1.68853092194
1.6977648735
1.69848418236
1.82194495201
1.67770600319
1.69845294952
1.6944630146
1.60263991356
1.89418888092
1.61007595062
