Experiment Results
3.24920392036
2.77829694748
4.52300691605
2.51035404205
3.09170794487
3.20557403564
2.9087061882
3.00260090828
3.58534312248
2.98580694199
3.00562405586
2.98183917999
3.41456580162
2.80765891075
2.88227295876
3.21152496338
2.80736708641
2.97991514206
3.41436100006
2.7903740406
3.01674413681
2.99060606956
3.18326497078
3.19635105133
3.20412302017
3.21225500107
4.20553517342
3.18249702454
3.78580784798
2.81442809105
2.98880696297
3.1967010498
3.40456008911
2.91015100479
2.99277496338
3.1078979969
3.28653097153
3.81190299988
2.99042320251
3.49950218201
3.19373178482
2.93572187424
3.25847601891
3.00102305412
3.09481096268
3.38903689384
3.00147604942
2.91716003418
3.02451515198
2.62663698196
4.63574886322
3.10470509529
4.62125492096
3.07089209557
3.20767402649
3.07556700706
3.31444597244
3.17519402504
3.08891797066
4.83566689491
2.84103894234
2.96719908714
3.18838477135
3.01367497444
2.88432693481
3.10316109657
2.85800695419
4.43197011948
3.09770417213
3.48189401627
3.02205204964
3.28850913048
2.99070215225
2.90306997299
2.90379691124
3.39046287537
3.00240206718
2.8933339119
3.2629609108
2.98025798798
3.0669438839
3.90636587143
2.88826298714
3.79136800766
3.07651901245
3.22235512733
2.88760399818
3.10347414017
2.80632209778
3.25580310822
3.05011296272
3.39891505241
3.19202113152
2.8929309845
3.39826703072
3.00734710693
4.50264000893
2.68330192566
3.01453018188
2.98700094223
2.89390611649
2.90910792351
3.07683110237
2.81369280815
2.69477701187
2.89665007591
3.39990997314
2.90497303009
3.09671998024
3.8901078701
3.09236812592
2.95404410362
3.05611610413
3.49286103249
3.30135416985
2.79657888412
3.01496815681
3.1827480793
2.90303707123
2.89144802094
3.01717400551
2.8985722065
3.18163084984
2.88041114807
3.0983171463
3.09604692459
3.79533982277
2.9081029892
2.88907003403
3.09905815125
3.01753902435
2.87970089912
3.0221760273
2.98273301125
2.98688316345
2.91123795509
3.1037671566
2.98235297203
3.13867902756
3.04049515724
2.9728178978
3.0514588356
2.98055195808
3.20282888412
2.99571919441
2.91586709023
2.77724719048
2.90212488174
2.79122495651
2.91339111328
2.9426510334
3.05699396133
2.98798298836
3.21225786209
3.78263115883
3.00145506859
2.97556519508
3.01988506317
2.90427589417
3.19721102715
2.79639005661
3.92389702797
3.06230115891
3.0227200985
3.1792178154
3.20833587646
3.02482390404
2.91744709015
3.14284515381
3.10522508621
2.90349602699
2.89386606216
2.70198106766
3.1043009758
2.68062996864
2.798858881
2.89932107925
3.09131002426
2.92973184586
2.87981009483
2.93336510658
2.88277292252
3.192029953
3.1036400795
2.98280501366
3.01337599754
3.00685811043
2.86936998367
2.90120983124
2.86881303787
3.13134813309
2.99122786522
2.99623203278
3.234126091
3.09826612473
3.28874802589
3.08208799362
2.95520496368
3.44738721848
3.20276498795
3.18960213661
3.09749293327
4.00580215454
2.97963500023
2.9944870472
3.00520896912
3.19391107559
3.12457799911
2.88906693459
2.80406689644
2.79374718666
3.29734587669
3.00499606133
2.99950480461
2.98671197891
3.19931197166
3.01474809647
2.88296890259
2.8110461235
3.1088988781
2.58507394791
2.89291000366
3.09227895737
2.80091905594
2.9047999382
3.60246801376
2.90207409859
2.89685511589
3.0588350296
2.94614505768
3.26809597015
2.61375999451
2.82403302193
4.66816902161
3.00002408028
3.08826494217
3.02863693237
2.99517202377
2.88277888298
2.69049692154
4.01288509369
2.89075899124
3.99315786362
3.21465706825
2.98572802544
3.00526499748
3.00282883644
2.89993906021
2.88342905045
3.81856489182
2.88673019409
2.98769807816
3.00665807724
2.86564612389
2.93617105484
2.99333810806
2.85963702202
2.79878497124
2.76930904388
4.57789111137
3.14812898636
3.00218009949
3.406042099
2.88878488541
3.19959998131
3.20579910278
2.80197286606
2.87218213081
3.00180101395
2.92296504974
2.99902200699
2.98447918892
3.1159029007
2.88776683807
3.01291203499
2.87147021294
3.39907884598
2.9971780777
2.99113488197
3.00645899773
3.0072259903
3.29916000366
2.85660219193
2.93859505653
3.59973311424
2.9976708889
2.85667991638
2.9453060627
3.19778513908
2.93541097641
2.85725402832
2.79580497742
2.92948794365
2.85738992691
2.90931797028
3.08259701729
3.21116805077
3.19982099533
2.90993404388
2.816188097
2.89089202881
3.08093595505
2.99033212662
2.70504999161
2.98869085312
3.40412116051
3.00620603561
2.88942217827
3.30647706985
2.89382791519
2.80614185333
3.014097929
2.97590589523
2.81304001808
2.88896799088
2.99233102798
4.53413701057
2.8796350956
2.90254402161
3.9117410183
2.97984409332
3.1096599102
3.19248819351
2.60760378838
3.07615303993
3.30300211906
2.99871301651
3.10376596451
4.59618711472
2.98682594299
2.89952397346
3.10398888588
3.72568011284
2.9764881134
3.03870582581
3.26054501534
2.8874361515
2.90465497971
3.00354504585
3.38192391396
3.00535607338
2.90324902534
3.10238909721
3.20169711113
2.90405607224
2.8986120224
2.89780807495
3.19817280769
3.09888887405
2.67999100685
2.82078504562
2.88186502457
2.81412005424
2.88132596016
2.99792790413
2.99440789223
2.99822688103
3.01447415352
2.96677708626
2.91411209106
2.78980183601
2.80357813835
3.21220898628
3.18114805222
3.01246213913
2.99044895172
3.09889483452
3.08907198906
3.01610708237
2.98995280266
4.23886108398
2.86243510246
2.90607118607
2.98040795326
2.91261291504
2.91205191612
2.88056588173
3.10142111778
2.90782594681
2.99697113037
2.7870759964
2.7985458374
2.92698907852
3.07806110382
3.098498106
3.20308709145
3.90529584885
2.89652895927
2.98714590073
3.8276848793
2.94675302505
3.02056097984
3.00606703758
4.3606441021
3.10279393196
3.01804995537
3.00962686539
2.99223804474
3.00028204918
2.8020529747
3.09908604622
3.39765000343
3.04012608528
2.85647797585
2.79632401466
2.99653697014
2.90185403824
2.90053486824
4.49711894989
2.79361987114
2.92162394524
3.07643890381
3.10790395737
3.2041451931
3.28418707848
2.90118598938
2.79865407944
2.78049302101
3.12180399895
2.98871302605
2.96709609032
3.0943338871
3.16754293442
3.14100003242
2.89431190491
2.71305704117
2.93315911293
3.48380208015
2.80586600304
3.03247094154
3.32901501656
3.00245714188
2.98515295982
3.30814814568
3.19376111031
2.93454694748
3.03707003593
2.82353401184
3.2072660923
2.7769370079
3.01343297958
2.77308893204
3.0439209938
3.98188209534
3.28157496452
2.92135095596
2.90904712677
2.68071007729
2.99658918381
2.89651489258
2.90522217751
2.67666697502
2.92874312401
2.98879718781
2.99059104919
2.86896705627
2.83559513092
3.00108790398
4.30619502068
2.99636697769
2.98101210594
3.71967411041
3.17950415611
2.89891505241
3.0608689785
2.84436893463
3.10155701637
2.78285288811
3.00601601601
2.592263937
2.80506682396
2.87442994118
3.00539708138
3.41142106056
3.00696206093
2.96548390388
3.14163303375
2.97682285309
2.91114807129
2.86683607101
2.91024899483
3.11845088005
2.47098994255
2.91545701027
3.01104307175
3.1821269989
2.99415302277
3.22003006935
3.48897910118
3.00748682022
3.28339409828
3.02152109146
2.92879486084
2.96238517761
2.9914700985
2.99868011475
3.08350396156
3.21354794502
2.8941950798
3.70569300652
3.11792898178
2.99578094482
2.96905112267
2.81574106216
2.49091720581
2.78453302383
2.88873004913
3.20730996132
3.00243115425
2.87651205063
3.41513514519
2.88987898827
2.99166107178
3.13391494751
3.60997915268
2.97006297112
2.91961884499
2.9876909256
3.08590197563
3.00346088409
3.4945089817
3.00325512886
2.89468693733
3.02634906769
4.37055802345
2.92110109329
2.84063482285
3.23173880577
3.10032486916
3.00358891487
3.60606908798
3.00067806244
3.10677695274
2.87716293335
3.29140400887
3.21695899963
3.08991312981
3.40802097321
2.99187207222
2.80569386482
3.29458713531
3.29192614555
3.80370116234
3.08167099953
3.05698990822
3.05317282677
2.9830520153
3.10186886787
3.11230492592
2.89633584023
2.98917984962
3.2012360096
2.80727601051
3.09305596352
2.8877761364
3.2096760273
2.89078021049
3.61462497711
3.18754911423
2.91094207764
2.78334999084
3.21731996536
2.78446602821
2.82295513153
3.27746200562
3.00558710098
2.97456884384
2.96369814873
3.0523891449
3.30967211723
2.95469117165
2.92153096199
3.21472501755
2.79513311386
2.87952899933
3.16172814369
3.19751596451
2.95160293579
2.73346400261
3.23236608505
2.90501499176
2.59149599075
2.96398496628
4.43605899811
2.8861489296
3.00257396698
3.3119199276
2.8774960041
2.92477607727
2.88540697098
2.89029216766
3.0126388073
3.4978761673
3.18913292885
2.68658494949
2.81748008728
2.90438294411
2.88607597351
2.79229998589
2.91822195053
