Experiment Results
1.02982902527
0.81967997551
0.671772003174
0.713227987289
0.887088060379
0.908684015274
0.78873705864
0.795241117477
0.80153799057
1.00866103172
0.796497106552
0.996808052063
0.99228310585
0.618366003036
0.979897022247
0.908499956131
1.19432091713
0.992439985275
0.709177017212
0.889816999435
0.88855099678
1.03953313828
0.874059200287
1.00632691383
1.10553097725
0.780556917191
0.966718196869
1.09613180161
0.778206110001
0.979974031448
0.720499992371
1.08848309517
0.726208925247
0.973639011383
0.903239965439
0.91067481041
0.784786939621
0.794279098511
0.920433044434
0.849150180817
0.888836860657
0.813539028168
0.906224966049
0.784577846527
1.10179400444
1.09535193443
0.998857975006
0.711362123489
1.09622192383
0.990446090698
0.902178049088
0.72957611084
0.862376928329
0.81360578537
1.10992789268
0.975182056427
0.899406909943
0.705940008163
0.79127407074
0.794728040695
0.836147069931
0.664026975632
0.800218105316
0.929930925369
0.868710041046
0.697105169296
0.909736156464
0.888803958893
0.80226111412
0.995129823685
1.01563000679
0.879372119904
1.10053396225
0.996383905411
0.896679878235
0.922817230225
1.08105015755
0.92266201973
0.869407892227
0.825774908066
0.885919809341
0.886039972305
1.01116919518
0.704462051392
0.889158010483
1.03244996071
0.956156015396
0.74141907692
1.06770896912
0.993947982788
0.805224895477
0.788088083267
0.79894900322
0.89618897438
0.903495788574
1.09493303299
0.808254957199
0.889410018921
0.901114940643
1.09712100029
0.807358026505
0.98846912384
0.915760040283
1.18540501595
0.703285932541
0.996416091919
0.905514955521
0.88755607605
0.898909807205
0.850058078766
0.947224855423
0.896551132202
1.0044400692
0.794836044312
0.800784111023
1.00509095192
0.899687051773
0.89536190033
0.8048620224
1.29302000999
1.01620721817
0.974637985229
0.898879051208
1.11814880371
0.906157016754
0.871738195419
0.920492887497
0.980143070221
0.800352096558
0.89324092865
0.804100990295
0.803329944611
0.893198013306
0.808615922928
1.09567594528
0.792406082153
0.894347906113
0.920221090317
0.776865959167
0.802161931992
0.802892208099
1.19473695755
1.09627103806
0.699486970901
0.897677183151
1.00192499161
0.897706031799
0.954480886459
1.04704499245
0.993545055389
0.901356220245
0.798889875412
0.8971991539
0.898938894272
0.895633935928
1.0912899971
1.13927388191
0.767606973648
1.00279307365
1.02695894241
0.971830844879
0.900092124939
1.00897407532
0.781276941299
0.904182910919
0.899761915207
1.0064330101
1.20732903481
0.777585029602
0.999427080154
0.799160003662
0.804177999496
1.09931707382
1.09155893326
0.695498943329
0.921493053436
0.676529884338
0.6088950634
1.10571789742
0.883165121078
0.925203084946
0.877771854401
0.897597074509
0.762768983841
0.596153020859
0.707711935043
1.02524590492
0.990314006805
0.674772024155
1.10615992546
1.18865299225
0.806869983673
0.792377948761
0.80099105835
0.799036979675
0.697619199753
0.804619789124
0.893079042435
1.09781885147
0.900972127914
1.02178192139
0.772707939148
0.797545194626
0.798674106598
0.797686100006
0.701225042343
0.804139137268
0.894423007965
1.06204795837
0.738009929657
0.896899223328
0.696328163147
0.796136140823
0.800497055054
0.699516057968
0.797728061676
0.904824018478
1.09434103966
0.99677491188
1.0005428791
0.907098054886
0.785259008408
0.909779071808
0.891977071762
0.79901599884
0.696803092957
1.0998980999
0.927958011627
0.871026039124
0.79634308815
0.800211906433
0.898630142212
0.917727947235
0.780381917953
1.00588107109
0.898427963257
0.899081945419
0.621776103973
0.866273164749
0.801799058914
0.997261047363
0.999199151993
1.09557008743
0.824051856995
1.08769989014
0.989593982697
0.711583137512
0.792737960815
0.893088102341
1.01707291603
0.776887178421
0.603667020798
1.00389003754
0.787021160126
0.803711891174
0.890789985657
0.830327987671
0.869459152222
0.795683860779
1.00217890739
0.698966026306
1.09758901596
1.00079703331
0.695785045624
0.70997095108
1.00805020332
0.781643867493
0.600666999817
0.901467084885
0.996428966522
1.00931596756
0.9942278862
0.98773598671
0.899097919464
0.897079944611
1.10430407524
0.896740913391
0.995126008987
0.999364852905
1.11140918732
0.787518024445
0.920421123505
0.775141954422
0.910144805908
0.991638183594
0.904325962067
0.797512769699
0.961253881454
0.896695137024
0.707746982574
0.897516012192
0.826777935028
0.972784042358
1.07441186905
0.80007982254
0.903970956802
1.09337210655
1.19863009453
0.90248799324
0.919780015945
0.777204990387
0.917544126511
0.65163898468
1.11852788925
0.87713098526
0.89178609848
0.601176977158
0.711363077164
1.09031200409
0.895589828491
1.00277304649
0.700845956802
1.00300884247
0.992321014404
0.814764976501
0.879591941833
0.800236940384
1.01491594315
1.08162784576
0.710335016251
0.885070800781
0.998387098312
0.979784965515
0.688359975815
1.036277771
1.16168498993
0.994410991669
1.00336480141
0.994605064392
0.699784994125
0.899132013321
1.10373497009
0.994744062424
0.904531955719
0.994653940201
0.89688205719
1.20203399658
0.895970821381
1.01121997833
1.10944700241
0.779474020004
1.09779810905
0.918012857437
0.880675077438
0.801068067551
0.797028779984
0.910997867584
0.894500017166
1.08944988251
1.01765203476
0.985296010971
1.00220298767
1.0127620697
0.778372049332
0.695790052414
0.901708126068
0.969918966293
0.8956990242
0.832020044327
0.873775005341
1.19052505493
0.897403001785
0.900916099548
0.898988008499
0.894432783127
1.11038517952
0.889027833939
1.12277913094
0.670588970184
0.898241996765
0.905654907227
0.600559234619
0.898585796356
0.79726099968
0.993431091309
0.809677124023
1.08966398239
0.795994997025
0.90256690979
0.803761959076
0.794420957565
0.999904870987
1.09966278076
0.591877937317
1.10231876373
0.903388023376
0.797373056412
0.996011018753
1.10139703751
0.797336101532
1.00856804848
1.0899720192
0.807050943375
0.891603946686
0.908329963684
1.0843629837
0.999467134476
0.906703948975
0.999449014664
0.897672176361
0.889957904816
0.799560785294
0.705139160156
0.991991996765
0.997998952866
0.880901098251
0.999368906021
1.00035881996
1.00561618805
1.18891978264
0.809553146362
0.889111042023
0.695233821869
0.905240058899
0.901710033417
1.09263896942
1.00338196754
0.994533061981
0.59415602684
1.20970606804
0.701901197433
1.1902821064
0.903413057327
0.79348897934
0.702255964279
1.09522199631
0.917060852051
1.26990294456
0.914685964584
1.12716603279
0.969265937805
0.902724027634
1.08844089508
0.899751901627
1.10125088692
0.796447038651
1.0987701416
0.901057004929
0.697341918945
0.799021959305
0.793757915497
0.702951192856
0.99934387207
0.698758125305
0.818777084351
0.801192998886
0.873213768005
0.998732805252
0.815438985825
0.875725030899
0.803421020508
0.903429031372
0.898681879044
0.992074012756
1.09969210625
0.824362039566
0.874433994293
1.12515997887
0.86926317215
0.897573947906
0.912529945374
1.09240198135
0.899624824524
0.905372142792
0.887831926346
1.02149891853
0.876285076141
0.799908876419
1.09830307961
0.794506072998
0.801952123642
0.79185295105
0.799166917801
0.806066036224
0.893314123154
0.907538890839
0.789775848389
0.916469812393
0.818036794662
1.16357302666
1.00416111946
0.992428064346
0.800369024277
0.996829032898
1.00400090218
0.790189027786
1.00093197823
0.918637990952
0.870945930481
0.73363494873
0.775625944138
0.697508811951
0.809812068939
0.792921066284
0.891827821732
1.096752882
1.00027298927
1.01726198196
0.778965950012
0.988219976425
1.01073908806
0.997805118561
0.803146123886
0.703182935715
1.09026098251
0.926712989807
0.865373849869
0.81551194191
0.786291122437
0.797387123108
0.800102949142
0.794668912888
0.701085090637
0.798372030258
0.707535028458
0.809497833252
0.812870025635
1.06721782684
0.739099979401
0.96054983139
0.890920877457
0.799156904221
0.896979808807
0.799804925919
1.00472688675
0.814865112305
1.2744679451
0.797403097153
0.798248052597
1.02490401268
1.17909789085
0.69343495369
1.10530400276
0.788582086563
0.91833615303
1.02335000038
0.860105991364
1.09553599358
0.895023107529
0.71581697464
0.783787965775
0.998054981232
1.10187911987
0.895931005478
0.797566890717
0.819200992584
0.889261960983
0.790475845337
0.795013904572
0.93647313118
1.06607079506
0.913788080215
0.887255907059
1.09075689316
0.823475837708
1.09035301208
0.884107112885
1.01634597778
0.781881093979
0.803802013397
0.795614004135
0.695043087006
0.915817022324
1.09411811829
0.794473171234
1.09459996223
1.01216506958
0.67989397049
0.908797025681
0.992980003357
0.79557800293
0.906413078308
0.812439918518
0.876947164536
0.901574850082
0.800687074661
0.896546125412
0.904131889343
1.10466098785
0.88964509964
0.701287031174
0.897939920425
0.903013944626
0.996232032776
0.793900966644
0.899957895279
1.09681487083
0.798833847046
0.908751010895
0.895511865616
0.895947933197
1.09963989258
0.898828983307
1.01035284996
0.989681005478
0.991240024567
1.10182404518
1.00296401978
0.636216878891
0.89377117157
