Experiment Results
4.06090402603
4.52516293526
3.80168008804
4.26388907433
3.99686717987
3.62596988678
3.97530508041
3.82592105865
3.972397089
3.99451899529
3.92616605759
3.77163791656
4.09974718094
4.09566688538
3.69875788689
3.51564383507
3.78141498566
3.70487785339
3.59658789635
4.18177008629
4.61905288696
4.40493202209
3.78589081764
4.20495581627
3.72656202316
3.78476500511
4.08393216133
3.85072183609
4.04377198219
3.67334794998
3.22491192818
3.79552507401
4.30507588387
3.89339995384
4.00867295265
4.29269814491
3.59407997131
3.82379317284
4.57591795921
4.10857105255
4.10131287575
3.9007101059
4.1877849102
4.21709084511
3.78134608269
3.90339994431
3.78661704063
3.72794699669
4.07270789146
4.09436416626
3.80455613136
3.81821608543
4.47646903992
3.93189501762
3.8737308979
3.49299693108
4.20178389549
3.99725413322
3.90386986732
4.41059112549
4.07273006439
4.11561083794
4.19475507736
3.89440608025
3.90363788605
3.49611520767
4.00085115433
3.59078621864
3.80062890053
4.20377111435
3.69278216362
3.39670014381
4.50094890594
3.91899681091
4.2861931324
3.69159412384
4.0246591568
3.77223396301
3.90021204948
4.09730792046
3.80298709869
3.49383592606
3.09865498543
4.09958386421
3.69860291481
3.70298600197
3.99826598167
3.89387893677
3.72035312653
4.07549309731
3.80910897255
3.40100479126
4.29327511787
3.92755198479
3.68542599678
3.97888684273
4.20517301559
3.99429798126
3.89567017555
3.89549994469
3.60240697861
4.00502705574
3.88946604729
4.21519494057
3.68063211441
4.1920030117
3.61352300644
3.6989941597
3.81125187874
3.78337097168
3.81630301476
3.88239097595
4.72443604469
4.08697199821
3.9831328392
3.79728221893
3.59897398949
4.09564709663
4.10152602196
4.11316895485
3.78186798096
3.83353805542
3.86598992348
4.29789710045
3.80642795563
3.58650708199
3.40568399429
3.83189606667
3.78036594391
3.58527493477
3.9893758297
3.48258399963
3.94489407539
4.4190120697
4.35581588745
3.19467496872
3.71669197083
3.88007688522
4.49734115601
3.59833097458
4.40050697327
4.02863788605
3.7755241394
3.79033279419
4.22609186172
4.47085905075
3.32986998558
3.97557091713
4.08985304832
4.00024485588
3.89719605446
3.60157108307
3.79437112808
3.83386206627
3.77192401886
4.00176310539
3.89076805115
4.19865512848
3.90083003044
3.61946606636
4.17611289024
3.99904203415
4.30274391174
4.0041539669
3.59655618668
4.88799786568
3.6098241806
4.1047539711
3.5811009407
3.79768300056
3.69588899612
4.00166392326
4.377628088
3.7248570919
4.19476699829
3.69445705414
4.00674700737
3.89650702477
3.39879488945
3.79577493668
4.22212600708
4.17960906029
3.49419999123
3.69323611259
4.0974240303
3.70390510559
4.09987521172
3.80060791969
4.29970192909
3.9948580265
4.60026597977
3.99338102341
4.30405020714
3.82360100746
3.50305700302
3.89951300621
3.99619984627
3.87887001038
3.88961911201
3.80044722557
4.20725703239
3.59799003601
4.11337995529
3.68771004677
3.9823410511
3.9386279583
4.0751850605
3.8027150631
4.4818918705
3.69517302513
4.01716589928
4.57850790024
3.99652600288
3.79794788361
4.37844181061
4.26131701469
3.87213897705
3.88576602936
4.19939017296
3.90056419373
4.00539898872
3.6905310154
3.72325897217
3.88449597359
3.98795080185
4.00115704536
4.1095199585
3.78843998909
3.93059492111
3.8668589592
3.90139818192
3.92076206207
3.7884118557
3.89826703072
3.70546197891
3.51906991005
4.17710590363
4.01188182831
3.70427322388
4.27496814728
3.90418791771
3.99274301529
3.79629206657
3.79756689072
4.00969290733
3.9898982048
4.00218510628
4.00980401039
3.78574800491
3.55793619156
3.43912410736
3.81608700752
3.97565484047
3.91204690933
3.47609496117
3.71536517143
3.79695081711
4.19993495941
3.99991512299
3.89285111427
3.5028128624
3.81281208992
3.98042583466
4.07100892067
3.78871297836
3.60762095451
4.00376296043
4.19255900383
3.79501414299
4.12277698517
3.58120918274
3.48976111412
4.05660295486
4.06560397148
3.57893490791
3.91922497749
3.67183804512
3.62711906433
3.89925909042
3.97499108315
4.19724488258
3.90060400963
4.4969329834
3.79909706116
4.19714188576
3.62828612328
3.77316117287
3.90050196648
3.59329795837
3.52979493141
3.56325507164
3.40992903709
4.58948087692
3.60744214058
3.79432606697
4.20158886909
3.79273581505
3.6008310318
4.29908394814
4.12556004524
3.97357797623
3.90271401405
4.10288310051
3.5927271843
4.20346188545
3.51710700989
4.27155303955
3.99801683426
3.80135202408
3.41298294067
3.99645209312
3.88625407219
4.28869009018
3.3080098629
3.8961520195
4.11003088951
3.9918820858
3.39859199524
3.49145388603
3.79618191719
3.60815501213
4.09702801704
3.82281494141
3.97440505028
4.4973359108
3.70551991463
3.71664595604
3.41543698311
4.07580900192
3.38379883766
3.59102797508
4.1001200676
3.80932807922
3.89327907562
3.70368695259
3.18914103508
3.79886007309
4.30178403854
4.21402311325
3.8886179924
3.71303796768
4.00899600983
3.66935420036
3.89886283875
3.51163482666
4.00110411644
4.38451290131
3.30038189888
4.50992512703
3.80507206917
4.38780212402
4.29734706879
4.0029528141
4.30586504936
3.87996292114
4.4977209568
3.69806909561
3.91076207161
3.68484306335
4.00338792801
4.30045795441
3.59545612335
3.60265994072
3.40098118782
3.40090298653
3.69706702232
3.69850492477
3.99649691582
4.0186920166
3.67858886719
4.01957201958
4.17912507057
4.39453697205
3.89935398102
3.40086102486
4.09666204453
4.09505987167
3.81648492813
4.05220890045
3.79859805107
3.59912610054
3.9014980793
3.99611902237
4.19876694679
4.09951400757
3.79375600815
4.00134682655
3.81957507133
4.19432902336
3.98583483696
4.12595200539
4.06785106659
3.70007014275
3.89985585213
4.09526491165
4.30621790886
3.86473798752
3.60848808289
4.08444094658
3.30569005013
3.89792895317
3.79290008545
3.90625
3.68984913826
3.898635149
3.81190800667
4.38320493698
3.90445590019
3.70004296303
3.49379706383
4.27273011208
3.42531180382
4.20588803291
3.79775500298
3.85806202888
3.30279994011
3.68934011459
3.3046040535
3.79854011536
3.99574899673
4.01075005531
3.68479585648
3.40617585182
3.90326189995
4.28678297997
3.37386703491
4.09192180634
3.69652509689
3.8017308712
3.80558896065
4.11026215553
3.17914319038
3.49544715881
3.80041885376
3.59981298447
4.10566997528
3.79756999016
4.18925905228
4.00095009804
4.10147809982
3.60046505928
4.1444709301
3.84639906883
4.1977660656
3.70730900764
4.19419002533
3.69377493858
3.49865293503
4.20532202721
3.59925889969
4.18308210373
3.30669808388
4.11857199669
4.18154621124
3.69990110397
3.19767689705
3.70625019073
3.987667799
3.41673088074
4.08657598495
4.10141801834
3.80223894119
4.09581208229
4.09306693077
4.09615802765
4.4008128643
3.69932484627
3.89641094208
4.13212704659
4.2637398243
3.90117383003
3.61394500732
3.98935818672
3.60595583916
3.62349390984
3.96406292915
3.68920302391
3.60668206215
4.39080190659
3.69902896881
3.9992609024
3.7023191452
4.49631118774
3.91675496101
3.89378905296
4.18765687943
3.90387511253
3.92818689346
3.75567007065
4.30351209641
4.006305933
3.21516799927
3.77494907379
3.70472598076
3.79688620567
4.40953993797
4.00710082054
4.07046484947
4.00598311424
4.40351700783
4.0843770504
4.20359015465
4.09958696365
3.61401700974
3.78321099281
3.42370510101
3.37560510635
3.68955898285
3.41000318527
4.10424304008
3.38735604286
3.90324687958
3.39626598358
3.59479999542
4.48186397552
3.92406392097
3.69314599037
4.40208292007
4.19409608841
4.00437307358
3.89285087585
3.40120387077
3.89184999466
3.90744900703
4.00966215134
4.08906602859
4.00230097771
3.88689303398
4.0971930027
4.19852900505
3.69703698158
3.50487112999
3.91968393326
3.77836799622
3.91392993927
3.97818899155
4.19534015656
3.91144895554
3.79605007172
3.9936568737
3.7002799511
3.89426207542
4.02244901657
3.87529301643
4.09787797928
3.70042181015
4.29701304436
3.1060769558
3.5949409008
4.20153403282
4.31207299232
3.78209710121
4.19641280174
3.69688796997
3.80766010284
4.1895339489
3.86656785011
3.80252385139
3.99921393394
4.09240913391
4.00406694412
3.79694509506
3.86374306679
4.10110902786
4.20474100113
3.32981991768
3.85935091972
3.77288603783
3.60514497757
4.18480610847
3.60242795944
3.59362006187
4.00693392754
4.10284399986
4.10720086098
3.58150792122
4.00257396698
3.69321894646
3.59837818146
4.0964820385
3.32614803314
3.4806470871
3.82835578918
4.06753206253
3.61750483513
3.37298607826
4.06534409523
4.4090180397
3.99501800537
3.69094085693
3.90120196342
3.62782001495
3.37608408928
3.80077290535
4.09327483177
4.00467300415
3.98876309395
3.5980989933
3.79565596581
3.90397810936
